crossing time (s)	slope (V/s)	crossing number
281474976710655.000000	1.040229	6918	7836036096.000000
281474976710655.000000	1.463682	6919	7837067264.000000
281474976710655.000000	0.815118	6920	7838142464.000000
281474976710655.000000	1.527462	6921	7839134720.000000
281474976710655.000000	0.913978	6922	7840257536.000000
281474976710655.000000	1.558567	6923	7841204736.000000
281474976710655.000000	1.018947	6924	7842353152.000000
281474976710655.000000	1.397019	6925	7843302912.000000
281474976710655.000000	1.102954	6926	7844449792.000000
281474976710655.000000	1.440557	6927	7845395456.000000
281474976710655.000000	1.068485	6928	7846558720.000000
281474976710655.000000	1.472620	6929	7847494144.000000
281474976710655.000000	1.092571	6930	7848628736.000000
281474976710655.000000	1.767384	6931	7849591296.000000
281474976710655.000000	1.103098	6932	7850715648.000000
281474976710655.000000	1.623172	6933	7851696128.000000
281474976710655.000000	1.288365	6934	7852785664.000000
281474976710655.000000	1.539397	6935	7853796864.000000
281474976710655.000000	1.783151	6936	7854888448.000000
281474976710655.000000	1.641864	6937	7855854080.000000
281474976710655.000000	1.292483	6938	7856985088.000000
281474976710655.000000	1.823115	6939	7857969664.000000
281474976710655.000000	1.400051	6940	7859053056.000000
281474976710655.000000	1.744367	6941	7860062720.000000
281474976710655.000000	1.541141	6942	7861161472.000000
281474976710655.000000	1.888480	6943	7862132224.000000
281474976710655.000000	1.268341	6944	7863260672.000000
281474976710655.000000	1.827007	6945	7864242176.000000
281474976710655.000000	1.469556	6946	7865349632.000000
281474976710655.000000	1.794172	6947	7866305024.000000
281474976710655.000000	2.325848	6948	7867432960.000000
281474976710655.000000	2.076046	6949	7868431360.000000
281474976710655.000000	1.815547	6950	7869500928.000000
281474976710655.000000	1.993203	6951	7870509568.000000
281474976710655.000000	2.125279	6952	7871624704.000000
281474976710655.000000	2.028323	6953	7872594944.000000
281474976710655.000000	1.929834	6954	7873687040.000000
281474976710655.000000	2.495885	6955	7874704896.000000
281474976710655.000000	1.743947	6956	7875789824.000000
281474976710655.000000	2.261024	6957	7876770304.000000
281474976710655.000000	2.491918	6958	7877897216.000000
281474976710655.000000	2.139721	6959	7878864896.000000
281474976710655.000000	2.532049	6960	7879971840.000000
281474976710655.000000	2.553090	6961	7880978944.000000
281474976710655.000000	2.244246	6962	7882040832.000000
281474976710655.000000	2.553246	6963	7883079168.000000
281474976710655.000000	2.146671	6964	7884166144.000000
281474976710655.000000	2.343785	6965	7885193216.000000
281474976710655.000000	2.658143	6966	7886267904.000000
281474976710655.000000	2.722881	6967	7887272960.000000
281474976710655.000000	2.114091	6968	7888364032.000000
281474976710655.000000	2.740622	6969	7889357824.000000
281474976710655.000000	2.454852	6970	7890458112.000000
281474976710655.000000	2.598969	6971	7891457024.000000
281474976710655.000000	2.304160	6972	7892536320.000000
281474976710655.000000	2.506436	6973	7893548544.000000
281474976710655.000000	1.781037	6974	7894630912.000000
281474976710655.000000	2.079214	6975	7895659008.000000
281474976710655.000000	1.756232	6976	7896721920.000000
281474976710655.000000	2.466333	6977	7897739264.000000
281474976710655.000000	3.039174	6978	7898816000.000000
281474976710655.000000	3.029678	6979	7899806208.000000
281474976710655.000000	1.990717	6980	7900931072.000000
281474976710655.000000	3.107740	6981	7901897728.000000
281474976710655.000000	2.336904	6982	7902996992.000000
281474976710655.000000	2.363781	6983	7904019968.000000
281474976710655.000000	2.442411	6984	7905075200.000000
281474976710655.000000	2.767456	6985	7906094592.000000
281474976710655.000000	2.457654	6986	7907195392.000000
281474976710655.000000	3.169001	6987	7908160000.000000
281474976710655.000000	3.042045	6988	7909276672.000000
281474976710655.000000	2.886452	6989	7910278656.000000
281474976710655.000000	3.080441	6990	7911342592.000000
281474976710655.000000	3.202158	6991	7912374784.000000
281474976710655.000000	2.270229	6992	7913469952.000000
281474976710655.000000	3.178416	6993	7914436608.000000
281474976710655.000000	2.712172	6994	7915560448.000000
281474976710655.000000	2.719278	6995	7916541952.000000
281474976710655.000000	3.274860	6996	7917616128.000000
281474976710655.000000	3.119241	6997	7918656000.000000
281474976710655.000000	3.011525	6998	7919708672.000000
281474976710655.000000	3.227777	6999	7920729600.000000
281474976710655.000000	2.651510	7000	7921826304.000000
281474976710655.000000	3.166223	7001	7922802176.000000
281474976710655.000000	3.034144	7002	7923921920.000000
281474976710655.000000	3.028853	7003	7924899328.000000
281474976710655.000000	3.172906	7004	7925999104.000000
281474976710655.000000	2.878881	7005	7926998016.000000
281474976710655.000000	3.525424	7006	7928080384.000000
281474976710655.000000	3.504739	7007	7929094144.000000
281474976710655.000000	3.072925	7008	7930163712.000000
281474976710655.000000	3.378973	7009	7931182592.000000
281474976710655.000000	2.699695	7010	7932257792.000000
281474976710655.000000	3.182446	7011	7933284352.000000
281474976710655.000000	3.114978	7012	7934345216.000000
281474976710655.000000	3.318388	7013	7935363072.000000
281474976710655.000000	2.853759	7014	7936449536.000000
281474976710655.000000	3.288454	7015	7937446912.000000
281474976710655.000000	3.353189	7016	7938543104.000000
281474976710655.000000	3.630663	7017	7939534848.000000
281474976710655.000000	2.963635	7018	7940634112.000000
281474976710655.000000	3.717931	7019	7941620224.000000
281474976710655.000000	2.484892	7020	7942723072.000000
281474976710655.000000	3.445028	7021	7943717888.000000
281474976710655.000000	3.229923	7022	7944807424.000000
281474976710655.000000	3.356853	7023	7945828864.000000
281474976710655.000000	3.736314	7024	7946889728.000000
281474976710655.000000	3.428326	7025	7947917312.000000
281474976710655.000000	3.496387	7026	7948987392.000000
281474976710655.000000	3.723692	7027	7949983232.000000
281474976710655.000000	2.922920	7028	7951097856.000000
281474976710655.000000	3.547404	7029	7952071680.000000
281474976710655.000000	3.292445	7030	7953175552.000000
281474976710655.000000	3.598181	7031	7954182656.000000
281474976710655.000000	4.020151	7032	7955249152.000000
281474976710655.000000	3.760196	7033	7956281856.000000
281474976710655.000000	3.673386	7034	7957342720.000000
281474976710655.000000	3.676164	7035	7958352896.000000
281474976710655.000000	3.277496	7036	7959452672.000000
281474976710655.000000	3.559389	7037	7960431616.000000
281474976710655.000000	3.488124	7038	7961546240.000000
281474976710655.000000	3.525728	7039	7962529280.000000
281474976710655.000000	3.682370	7040	7963621888.000000
281474976710655.000000	3.948893	7041	7964631552.000000
281474976710655.000000	3.511692	7042	7965699584.000000
281474976710655.000000	3.844278	7043	7966728192.000000
281474976710655.000000	4.101090	7044	7967788544.000000
281474976710655.000000	3.805505	7045	7968821760.000000
281474976710655.000000	4.391457	7046	7969876480.000000
281474976710655.000000	4.200028	7047	7970909184.000000
281474976710655.000000	4.022690	7048	7971966976.000000
281474976710655.000000	4.020527	7049	7972994560.000000
281474976710655.000000	3.624156	7050	7974059520.000000
281474976710655.000000	4.026759	7051	7975086080.000000
281474976710655.000000	3.445147	7052	7976147968.000000
281474976710655.000000	3.861395	7053	7977175040.000000
281474976710655.000000	2.969075	7054	7978240000.000000
281474976710655.000000	3.424787	7055	7979273728.000000
281474976710655.000000	2.900941	7056	7980327424.000000
281474976710655.000000	3.348195	7057	7981367296.000000
281474976710655.000000	3.216076	7058	7982419968.000000
281474976710655.000000	3.984503	7059	7983446016.000000
281474976710655.000000	4.510524	7060	7984512512.000000
281474976710655.000000	4.182518	7061	7985529856.000000
281474976710655.000000	3.041653	7062	7986619904.000000
281474976710655.000000	4.178468	7063	7987606528.000000
281474976710655.000000	3.214857	7064	7988721152.000000
281474976710655.000000	4.105664	7065	7989699584.000000
281474976710655.000000	3.741040	7066	7990792704.000000
281474976710655.000000	3.620864	7067	7991806464.000000
281474976710655.000000	4.721133	7068	7992869376.000000
281474976710655.000000	4.538619	7069	7993903616.000000
281474976710655.000000	4.291510	7070	7994958336.000000
281474976710655.000000	4.195328	7071	7995986432.000000
281474976710655.000000	3.584938	7072	7997066240.000000
281474976710655.000000	4.298986	7073	7998061056.000000
281474976710655.000000	3.890890	7074	7999169536.000000
281474976710655.000000	3.736041	7075	8000145920.000000
281474976710655.000000	4.330475	7076	8001249792.000000
281474976710655.000000	3.757813	7077	8002247168.000000
281474976710655.000000	4.079468	7078	8003328512.000000
281474976710655.000000	4.610404	7079	8004344832.000000
281474976710655.000000	4.258016	7080	8005408768.000000
281474976710655.000000	4.198549	7081	8006440448.000000
281474976710655.000000	4.000340	7082	8007492608.000000
281474976710655.000000	3.650360	7083	8008541696.000000
281474976710655.000000	3.530942	7084	8009585152.000000
281474976710655.000000	3.789947	7085	8010628096.000000
281474976710655.000000	4.120020	7086	8011682304.000000
281474976710655.000000	4.352981	7087	8012714496.000000
281474976710655.000000	4.551227	7088	8013773312.000000
281474976710655.000000	4.485120	7089	8014799360.000000
281474976710655.000000	4.660527	7090	8015863808.000000
281474976710655.000000	4.864348	7091	8016890880.000000
281474976710655.000000	4.713756	7092	8017950720.000000
281474976710655.000000	4.548428	7093	8018983936.000000
281474976710655.000000	4.720028	7094	8020038656.000000
281474976710655.000000	4.513358	7095	8021072896.000000
281474976710655.000000	4.461200	7096	8022124544.000000
281474976710655.000000	4.451978	7097	8023161856.000000
281474976710655.000000	4.933076	7098	8024216064.000000
281474976710655.000000	4.663625	7099	8025247744.000000
281474976710655.000000	4.601217	7100	8026318336.000000
281474976710655.000000	4.488092	7101	8027328512.000000
281474976710655.000000	4.654529	7102	8028416512.000000
281474976710655.000000	3.973829	7103	8029409792.000000
281474976710655.000000	4.821658	7104	8030511616.000000
281474976710655.000000	4.392957	7105	8031505408.000000
281474976710655.000000	5.031518	7106	8032596480.000000
281474976710655.000000	4.117962	7107	8033597440.000000
281474976710655.000000	4.415894	7108	8034677760.000000
281474976710655.000000	4.215633	7109	8035698688.000000
281474976710655.000000	4.168267	7110	8036762624.000000
281474976710655.000000	4.289908	7111	8037793792.000000
281474976710655.000000	4.463262	7112	8038851072.000000
281474976710655.000000	3.914401	7113	8039874560.000000
281474976710655.000000	4.249704	7114	8040948224.000000
281474976710655.000000	4.364145	7115	8041956352.000000
281474976710655.000000	4.248517	7116	8043045888.000000
281474976710655.000000	4.328267	7117	8044040192.000000
281474976710655.000000	4.478879	7118	8045140992.000000
281474976710655.000000	4.333914	7119	8046126080.000000
281474976710655.000000	4.102726	7120	8047230464.000000
281474976710655.000000	4.471645	7121	8048216576.000000
281474976710655.000000	4.222764	7122	8049321984.000000
281474976710655.000000	4.398308	7123	8050310656.000000
281474976710655.000000	4.318456	7124	8051406848.000000
281474976710655.000000	4.704197	7125	8052403200.000000
281474976710655.000000	4.205091	7126	8053496832.000000
281474976710655.000000	4.510392	7127	8054491648.000000
281474976710655.000000	4.485314	7128	8055588864.000000
281474976710655.000000	4.560205	7129	8056580096.000000
281474976710655.000000	4.375977	7130	8057679872.000000
281474976710655.000000	4.692137	7131	8058668544.000000
281474976710655.000000	4.538389	7132	8059768832.000000
281474976710655.000000	4.327744	7133	8060756992.000000
281474976710655.000000	4.725389	7134	8061859840.000000
281474976710655.000000	4.542185	7135	8062845952.000000
281474976710655.000000	4.751306	7136	8063949312.000000
281474976710655.000000	4.548617	7137	8064941056.000000
281474976710655.000000	4.833674	7138	8066028544.000000
281474976710655.000000	5.046031	7139	8067039232.000000
281474976710655.000000	4.364988	7140	8068110336.000000
281474976710655.000000	4.378462	7141	8069135360.000000
281474976710655.000000	4.304680	7142	8070194176.000000
281474976710655.000000	4.419711	7143	8071229440.000000
281474976710655.000000	4.347703	7144	8072286208.000000
281474976710655.000000	4.556398	7145	8073317888.000000
281474976710655.000000	5.140516	7146	8074382848.000000
281474976710655.000000	4.833046	7147	8075398656.000000
281474976710655.000000	4.887908	7148	8076478976.000000
281474976710655.000000	4.749182	7149	8077479424.000000
281474976710655.000000	4.127923	7150	8078576128.000000
281474976710655.000000	4.733156	7151	8079563776.000000
281474976710655.000000	4.171033	7152	8080669184.000000
281474976710655.000000	4.617887	7153	8081652736.000000
281474976710655.000000	5.154928	7154	8082758144.000000
281474976710655.000000	4.299087	7155	8083748864.000000
281474976710655.000000	5.008727	7156	8084840448.000000
281474976710655.000000	4.495128	7157	8085842944.000000
281474976710655.000000	4.927048	7158	8086923776.000000
281474976710655.000000	4.987955	7159	8087939072.000000
281474976710655.000000	4.935737	7160	8089009664.000000
281474976710655.000000	5.044923	7161	8090035200.000000
281474976710655.000000	4.851381	7162	8091088896.000000
281474976710655.000000	4.844108	7163	8092125696.000000
281474976710655.000000	4.636971	7164	8093183488.000000
281474976710655.000000	4.930421	7165	8094211072.000000
281474976710655.000000	4.407641	7166	8095277056.000000
281474976710655.000000	4.855372	7167	8096301568.000000
281474976710655.000000	4.542700	7168	8097369600.000000
281474976710655.000000	4.763542	7169	8098388480.000000
281474976710655.000000	4.582362	7170	8099459072.000000
281474976710655.000000	4.789439	7171	8100475904.000000
281474976710655.000000	4.584080	7172	8101553152.000000
281474976710655.000000	4.778620	7173	8102560768.000000
281474976710655.000000	4.615859	7174	8103646208.000000
281474976710655.000000	4.880748	7175	8104646656.000000
281474976710655.000000	4.542076	7176	8105742848.000000
281474976710655.000000	4.832532	7177	8106732032.000000
281474976710655.000000	4.604661	7178	8107834880.000000
281474976710655.000000	4.752960	7179	8108820992.000000
281474976710655.000000	4.651267	7180	8109923328.000000
281474976710655.000000	5.017696	7181	8110913536.000000
281474976710655.000000	4.695052	7182	8112007680.000000
281474976710655.000000	5.066701	7183	8113010176.000000
281474976710655.000000	4.855331	7184	8114089472.000000
281474976710655.000000	5.017502	7185	8115106816.000000
281474976710655.000000	5.115057	7186	8116171776.000000
281474976710655.000000	4.882077	7187	8117202944.000000
281474976710655.000000	5.169587	7188	8118257152.000000
281474976710655.000000	5.021545	7189	8119293952.000000
281474976710655.000000	5.457170	7190	8120347648.000000
281474976710655.000000	5.068958	7191	8121377792.000000
281474976710655.000000	5.156245	7192	8122443264.000000
281474976710655.000000	5.077052	7193	8123462656.000000
281474976710655.000000	5.082010	7194	8124537856.000000
281474976710655.000000	5.236697	7195	8125547008.000000
281474976710655.000000	5.042475	7196	8126630912.000000
281474976710655.000000	5.431332	7197	8127635456.000000
281474976710655.000000	4.706875	7198	8128723968.000000
281474976710655.000000	5.270349	7199	8129720320.000000
281474976710655.000000	4.745696	7200	8130814976.000000
281474976710655.000000	5.335529	7201	8131810304.000000
281474976710655.000000	4.683994	7202	8132904960.000000
281474976710655.000000	4.943087	7203	8133898752.000000
281474976710655.000000	4.774229	7204	8134994432.000000
281474976710655.000000	4.930689	7205	8135990272.000000
281474976710655.000000	4.745582	7206	8137083392.000000
281474976710655.000000	4.829211	7207	8138082304.000000
281474976710655.000000	5.157357	7208	8139172352.000000
281474976710655.000000	4.832838	7209	8140174848.000000
281474976710655.000000	5.040597	7210	8141256704.000000
281474976710655.000000	4.976843	7211	8142269440.000000
281474976710655.000000	5.326900	7212	8143341056.000000
281474976710655.000000	5.161080	7213	8144363008.000000
281474976710655.000000	5.069184	7214	8145427456.000000
281474976710655.000000	5.143106	7215	8146457088.000000
281474976710655.000000	4.961893	7216	8147513856.000000
281474976710655.000000	5.441177	7217	8148550144.000000
281474976710655.000000	5.229236	7218	8149603840.000000
281474976710655.000000	5.092042	7219	8150634496.000000
281474976710655.000000	5.280624	7220	8151698944.000000
281474976710655.000000	5.296073	7221	8152718336.000000
