time (s)	coil I (A)	last det (V)	int current (uC)
7836.040255	0.465111	-600.097656	63.183594
7836.042256	0.733494	-600.097656	63.183594
7836.044257	0.783890	-600.097656	63.183594
7836.046257	0.781474	8.596214	0.115369
7837.070267	0.289322	-196.679687	-203.515625
7837.072269	0.589496	-196.679687	-203.515625
7837.074269	0.779735	-196.679687	-203.515625
7837.076270	0.782935	-196.679687	-203.515625
7837.078272	0.780954	8.590498	0.193197
7838.146301	0.417585	-589.746094	64.746094
7838.150302	0.784643	-589.746094	64.746094
7838.152304	0.781931	-589.746094	64.746094
7838.154303	0.780338	8.583718	0.098761
7839.140325	0.674284	-196.093750	-171.386719
7839.142327	0.784237	-196.093750	-171.386719
7839.144326	0.781672	8.598394	0.241184
7840.262366	0.563743	-588.964844	63.574219
7840.264370	0.774864	-588.964844	63.574219
7840.266369	0.783419	-588.964844	63.574219
7840.270366	0.780028	8.580306	0.075235
7841.208460	0.400044	-196.289062	-191.894531
7841.210463	0.689007	-196.289062	-191.894531
7841.212462	0.785170	-196.289062	-191.894531
7841.214463	0.782590	8.608488	0.250347
7842.356453	0.336618	-592.187500	68.164062
7842.358456	0.634369	-592.187500	68.164062
7842.362454	0.782739	-592.187500	68.164062
7842.364455	0.780980	8.590781	0.110743
7843.307372	0.509843	-181.835937	-216.210937
7843.309383	0.755928	-181.835937	-216.210937
7843.311389	0.783019	-181.835937	-216.210937
7843.313392	0.780811	8.588921	0.216082
7844.455429	0.679809	-595.214844	59.472656
7844.459431	0.783251	-595.214844	59.472656
7844.461434	0.781609	8.597693	0.111796
7845.399498	0.447508	-186.718750	-215.234375
7845.401500	0.722409	-186.718750	-215.234375
7845.403501	0.783329	-186.718750	-215.234375
7845.405500	0.780815	8.588964	0.227468
7846.564042	0.637563	-593.750000	59.863281
7846.566045	0.784399	-593.750000	59.863281
7846.568047	0.782868	8.611546	0.120487
7847.498019	0.423607	-186.425781	-196.191406
7847.500022	0.706472	-186.425781	-196.191406
7847.502021	0.784099	-186.425781	-196.191406
7847.504020	0.781486	8.596347	0.231201
7848.632611	0.423928	-591.113281	64.453125
7848.634611	0.706766	-591.113281	64.453125
7848.636611	0.784375	-591.113281	64.453125
7848.638611	0.781705	8.598757	0.132345
7849.597157	0.705638	-193.066406	-166.015625
7849.599161	0.784557	-193.066406	-166.015625
7849.601159	0.781904	8.600946	0.222180
7850.722125	0.756819	-589.941406	60.058594
7850.724128	0.783197	-589.941406	60.058594
7850.726125	0.781025	8.591277	0.133285
7851.700674	0.520847	-200.195312	-159.082031
7851.702675	0.760579	-200.195312	-159.082031
7851.706674	0.780817	-200.195312	-159.082031
7851.708677	0.779268	8.571949	0.233211
7852.790700	0.594578	-598.632812	55.273437
7852.792697	0.781609	-598.632812	55.273437
7852.794696	0.784116	-598.632812	55.273437
7852.796698	0.782171	8.603880	0.476703
7853.800679	0.412966	-182.226562	-224.609375
7853.802679	0.699240	-182.226562	-224.609375
7853.804679	0.785843	-182.226562	-224.609375
7853.806679	0.783075	8.613823	0.241814
7854.892712	0.481195	-596.972656	50.195312
7854.894711	0.742342	-596.972656	50.195312
7854.896713	0.783547	-596.972656	50.195312
7854.900709	0.779627	8.575892	0.124440
7855.858736	0.537904	-182.519531	-207.226562
7855.860740	0.766620	-182.519531	-207.226562
7855.862739	0.782703	-182.519531	-207.226562
7855.864739	0.780567	8.586235	0.322015
7856.988767	0.394128	-587.500000	62.109375
7856.990770	0.684796	-587.500000	62.109375
7856.992768	0.786546	-587.500000	62.109375
7856.994767	0.783824	8.622066	0.138570
7857.974780	0.606881	-195.507812	-139.746094
7857.976783	0.782143	-195.507812	-139.746094
7857.978781	0.782858	8.611440	0.599895
7859.058772	0.689493	-598.046875	55.664062
7859.060774	0.785447	-598.046875	55.664062
7859.062775	0.782807	8.610881	0.159464
7860.066852	0.460348	-179.589844	-224.707031
7860.068855	0.730517	-179.589844	-224.707031
7860.070854	0.783727	-179.589844	-224.707031
7860.072856	0.781253	8.593785	0.241874
7861.165402	0.432984	-595.800781	55.273437
7861.167405	0.713188	-595.800781	55.273437
7861.169404	0.784409	-595.800781	55.273437
7861.171405	0.781844	8.600282	0.152489
7862.135468	0.329136	-187.695312	-154.785156
7862.137470	0.627333	-187.695312	-154.785156
7862.139470	0.784039	-187.695312	-154.785156
7862.141472	0.783081	8.613894	0.274298
7863.263481	0.260615	-587.402344	56.250000
7863.265482	0.562073	-587.402344	56.250000
7863.267484	0.774090	-587.402344	56.250000
7863.269483	0.783071	-587.402344	56.250000
7863.271482	0.780979	8.590763	0.137678
7864.247523	0.641745	-196.679687	-178.710937
7864.249525	0.784412	-196.679687	-178.710937
7864.251526	0.782676	8.609436	0.250146
7865.352490	0.266522	-589.746094	45.410156
7865.354491	0.567780	-589.746094	45.410156
7865.356491	0.775336	-589.746094	45.410156
7865.358492	0.782758	-589.746094	45.410156
7865.360492	0.780717	8.587883	0.165123
7866.310561	0.667159	-185.156250	-185.058594
7866.312562	0.784648	-185.156250	-185.058594
7866.314562	0.782213	8.604341	0.269075
7867.437111	0.465434	-584.863281	59.960937
7867.439112	0.733770	-584.863281	59.960937
7867.441113	0.783960	-584.863281	59.960937
7867.443113	0.781439	8.595833	0.122666
7868.437166	0.700072	-194.335937	-128.710937
7868.439170	0.784355	-194.335937	-128.710937
7868.441170	0.781653	8.598182	0.258271
7869.505186	0.481220	-596.777344	50.878906
7869.507189	0.742282	-596.777344	50.878906
7869.509188	0.783522	-596.777344	50.878906
7869.511189	0.781107	8.592182	0.164235
7870.513253	0.395912	-173.437500	-210.937500
7870.515254	0.685882	-173.437500	-210.937500
7870.517254	0.690839	-173.437500	-210.937500
7870.519256	0.782833	8.611165	0.241359
7871.629327	0.534783	-587.109375	55.761719
7871.631329	0.765695	-587.109375	55.761719
7871.633329	0.782937	-587.109375	55.761719
7871.635329	0.780829	8.589125	0.206476
7872.599367	0.505820	-188.867187	-116.894531
7872.601369	0.753994	-188.867187	-116.894531
7872.603369	0.756236	-188.867187	-116.894531
7872.605368	0.780640	8.587042	0.272830
7873.691398	0.494732	-589.257812	57.519531
7873.693402	0.749109	-589.257812	57.519531
7873.695402	0.783230	-589.257812	57.519531
7873.699400	0.779414	8.573553	0.162282
7874.707948	0.299402	-186.425781	-157.128906
7874.709961	0.599089	-186.425781	-157.128906
7874.711965	0.781451	-186.425781	-157.128906
7874.713964	0.782844	-186.425781	-157.128906
7874.715965	0.780975	8.590728	0.269200
7875.794013	0.470821	-582.226562	41.992187
7875.796014	0.736673	-582.226562	41.992187
7875.798014	0.783486	-582.226562	41.992187
7875.800014	0.781078	8.591863	0.186067
7876.776062	0.694071	-179.199219	-196.484375
7876.778065	0.783745	-179.199219	-196.484375
7876.780066	0.781129	8.592421	0.265671
7877.902154	0.578107	-583.984375	56.347656
7877.904156	0.777500	-583.984375	56.347656
7877.906155	0.782762	-583.984375	56.347656
7877.908157	0.780713	8.587839	0.415292
7878.868140	0.325512	-178.710937	-108.007812
7878.870140	0.623834	-178.710937	-108.007812
7878.872140	0.783602	-178.710937	-108.007812
7878.878139	0.779552	8.575077	0.280204
7879.978205	0.749161	-581.250000	57.617187
7879.980207	0.783603	-581.250000	57.617187
7879.982205	0.781285	8.594140	0.156926
7880.984754	0.698287	-183.984375	-91.015625
7880.986754	0.784909	-183.984375	-91.015625
7880.988755	0.782252	8.604774	0.263772
7882.044822	0.440076	-585.058594	50.683594
7882.046824	0.717800	-585.058594	50.683594
7882.048823	0.783955	-585.058594	50.683594
7882.050825	0.781385	8.595230	0.195318
7883.082872	1.633782	-181.835937	-149.121094
7883.084874	0.686483	-181.835937	-149.121094
7883.086873	0.785037	-181.835937	-149.121094
7883.088872	0.782411	8.606521	0.267993
7884.170933	0.557584	-562.890625	39.160156
7884.172935	0.773373	-562.890625	39.160156
7884.174934	0.783667	-562.890625	39.160156
7884.176935	0.781653	8.598182	0.163129
7885.196953	0.402570	-163.671875	-163.476562
7885.198955	0.691049	-163.671875	-163.476562
7885.200957	0.785172	-163.671875	-163.476562
7885.202955	0.782497	8.607469	0.203116
7886.275033	0.782035	-564.062500	37.500000
7886.277035	0.782778	8.610562	0.181382
7887.277100	0.460286	-164.941406	-178.808594
7887.279101	0.730475	-164.941406	-178.808594
7887.281103	0.783466	-164.941406	-178.808594
7887.283101	0.780966	8.590631	0.219978
7888.367697	0.391770	-559.375000	36.718750
7888.369699	0.682526	-559.375000	36.718750
7888.371698	0.784942	-559.375000	36.718750
7888.373700	0.782315	8.605467	0.177790
7889.361733	0.427701	-162.402344	-167.187500
7889.363734	0.709328	-162.402344	-167.187500
7889.365735	0.783895	-162.402344	-167.187500
7889.367735	0.781281	8.594087	0.231771
7890.463779	0.682518	-561.718750	37.500000
7890.465781	0.784747	-561.718750	37.500000
7890.467781	0.782121	8.603331	0.160139
7891.462363	0.638606	-163.867187	-165.722656
7891.464362	0.783449	-163.867187	-165.722656
7891.466364	0.781956	8.601514	0.228049
7892.542429	0.728697	-563.671875	36.035156
7892.544430	0.783621	-563.671875	36.035156
7892.548429	0.779509	8.574599	0.174188
7893.553046	0.514387	-172.460937	-143.652344
7893.555047	0.758192	-172.460937	-143.652344
7893.557046	0.783468	-172.460937	-143.652344
7893.559045	0.781219	8.593405	0.231910
7894.635065	0.464079	-554.980469	38.574219
7894.639065	0.783496	-554.980469	38.574219
7894.641065	0.781009	-554.980469	38.574219
7894.643066	0.779407	8.573482	0.157251
7895.665127	0.730575	-168.750000	-87.792969
7895.667128	0.783785	-168.750000	-87.792969
7895.669127	0.781304	8.594344	0.213635
7896.727175	0.627031	-551.464844	42.773437
7896.729176	0.783806	-551.464844	42.773437
7896.731177	0.782840	8.611245	0.144746
7897.743245	0.438638	-163.085937	-19.140625
7897.745246	0.717057	-163.085937	-19.140625
7897.747245	0.784453	-163.085937	-19.140625
7897.749244	0.781895	8.600841	0.220174
7898.819280	0.333944	-562.695312	48.339844
7898.821280	0.631788	-562.695312	48.339844
7898.823282	0.783720	-562.695312	48.339844
7898.825280	0.782501	8.607513	0.169708
7899.815315	0.783082	-154.687500	-45.410156
7899.817317	0.781210	8.593307	0.614784
7900.937337	0.742602	-554.003906	42.285156
7900.939340	0.783367	-554.003906	42.285156
7900.941339	0.781042	8.591464	0.151443
7901.901887	0.466488	-153.613281	-129.687500
7901.903890	0.734093	-153.613281	-129.687500
7901.905889	0.783590	-153.613281	-129.687500
7901.909887	0.779606	8.575663	0.219110
7902.999946	0.281989	-551.562500	35.742187
7903.001948	0.582431	-551.562500	35.742187
7903.003948	0.778161	-551.562500	35.742187
7903.005948	0.782555	-551.562500	35.742187
7903.007947	0.780523	8.585748	0.166329
7904.023971	0.443182	-162.695312	-81.054687
7904.025973	0.719913	-162.695312	-81.054687
7904.027974	0.784222	-162.695312	-81.054687
7904.029974	0.781696	8.598651	0.195171
7905.078043	0.264622	-560.644531	44.335937
7905.080045	0.565860	-560.644531	44.335937
7905.082045	0.774836	-560.644531	44.335937
7905.084047	0.782703	-560.644531	44.335937
7905.086045	0.780619	8.586811	0.176759
7906.098043	0.360048	-160.937500	4.296875
7906.100045	0.655607	-160.937500	4.296875
7906.102045	0.785185	-160.937500	4.296875
7906.104044	0.783025	8.613274	0.233926
7907.200113	0.547827	-550.976562	44.531250
7907.202117	0.770205	-550.976562	44.531250
7907.204114	0.783139	-550.976562	44.531250
7907.206116	0.781073	8.591801	0.236711
7908.164140	0.462015	-163.769531	-101.074219
7908.166140	0.731406	-163.769531	-101.074219
7908.168141	0.783370	-163.769531	-101.074219
7908.170142	0.783260	8.615862	0.263762
7909.280683	0.444742	-552.343750	34.179687
7909.282686	0.720729	-552.343750	34.179687
7909.284684	0.783658	-552.343750	34.179687
7909.286684	0.781161	8.592775	0.161888
7910.282709	0.449531	-158.984375	-102.050781
7910.284712	0.724106	-158.984375	-102.050781
7910.286713	0.784183	-158.984375	-102.050781
7910.288713	0.781654	8.598190	0.210947
7911.347182	0.531020	-561.132812	41.406250
7911.349185	0.764602	-561.132812	41.406250
7911.351185	0.783238	-561.132812	41.406250
7911.353185	0.781084	8.591925	0.163443
7912.377810	0.294853	-162.988281	11.328125
7912.379818	0.594649	-162.988281	11.328125
7912.381816	0.781668	-162.988281	11.328125
7912.383822	0.784007	8.624077	0.221963
7913.473923	0.439534	-540.332031	41.894531
7913.475924	0.717385	-540.332031	41.894531
7913.477924	0.783886	-540.332031	41.894531
7913.479924	0.781385	8.595230	0.138353
7914.441999	0.648037	-151.855469	-32.812500
7914.444002	0.784413	-151.855469	-32.812500
7914.446002	0.782418	8.606601	0.227350
7915.564058	0.384585	-537.988281	33.691406
7915.568061	0.785394	-537.988281	33.691406
7915.570060	0.782960	-537.988281	33.691406
7915.572060	0.781195	8.593147	0.157474
7916.548088	0.732271	-158.105469	-114.160156
7916.550090	0.783664	-158.105469	-114.160156
7916.552091	0.781210	8.593307	0.205930
7917.622630	0.758395	-550.781250	34.082031
7917.624632	0.783200	-550.781250	34.082031
7917.626631	0.781006	8.591065	0.184251
7918.659214	0.324613	-160.742187	-20.410156
7918.663214	0.783163	-160.742187	-20.410156
7918.665217	0.782454	-160.742187	-20.410156
7918.667218	0.780558	8.586137	0.205832
7919.715262	0.762974	-555.957031	41.992187
7919.717264	0.783172	-555.957031	41.992187
7919.719264	0.781078	8.591854	0.166590
7920.733795	0.469850	-163.085937	22.949219
7920.735794	0.735915	-163.085937	22.949219
7920.737795	0.783360	-163.085937	22.949219
7920.739796	0.780910	8.590010	0.226526
7921.830749	0.505794	-544.726562	41.601562
7921.832752	0.754194	-544.726562	41.601562
7921.834751	0.783078	-544.726562	41.601562
7921.836750	0.782951	8.612458	0.143805
7922.808807	0.765482	-151.562500	-4.785156
7922.810809	0.783421	-151.562500	-4.785156
7922.812809	0.781350	8.594849	0.254247
7923.928829	0.776878	-538.183594	36.914062
7923.930831	0.782921	-538.183594	36.914062
7923.932832	0.780942	8.590364	0.390401
7924.903380	0.449494	-152.636719	-77.343750
7924.905381	0.723987	-152.636719	-77.343750
7924.907382	0.784081	-152.636719	-77.343750
7924.909382	0.781595	8.597544	0.208016
7926.005445	0.747489	-544.042969	33.105469
7926.007447	0.783531	-544.042969	33.105469
7926.009447	0.781245	8.593697	0.181401
7927.001422	0.352753	-156.640625	-102.636719
7927.003425	0.648976	-156.640625	-102.636719
7927.005425	0.785063	-156.640625	-102.636719
7927.007426	0.783045	8.613496	0.207597
7928.084048	0.391535	-544.824219	30.859375
7928.086050	0.682264	-544.824219	30.859375
7928.088050	0.784900	-544.824219	30.859375
7928.090052	0.782305	8.605351	0.195208
7929.098048	0.426544	-156.250000	-86.523437
7929.100050	0.708442	-156.250000	-86.523437
7929.102051	0.783697	-156.250000	-86.523437
7929.104051	0.781102	8.592119	0.214359
7930.168097	0.496873	-531.347656	29.296875
7930.170099	0.750205	-531.347656	29.296875
7930.174098	0.781100	-531.347656	29.296875
7930.176103	0.779588	8.575467	0.200874
7931.188205	0.675570	-158.105469	-67.089844
7931.190207	0.784095	-158.105469	-67.089844
7931.192214	0.781597	8.597569	0.224477
7932.262301	0.451436	-518.457031	29.199219
7932.264303	0.758509	-518.457031	29.199219
7932.266302	0.783168	-518.457031	29.199219
7932.268303	0.781037	8.591411	0.194710
7933.288339	0.439681	-161.328125	-82.812500
7933.290338	0.449524	-161.328125	-82.812500
7933.292339	0.784182	-161.328125	-82.812500
7933.294340	0.781584	8.597428	0.227164
7934.349313	0.855448	-521.777344	28.906250
7934.351316	0.726955	-521.777344	28.906250
7934.353314	0.783884	-521.777344	28.906250
7934.355316	0.781387	8.595257	0.198746
7935.367383	1.425765	-156.152344	-69.921875
7935.369388	0.745652	-156.152344	-69.921875
7935.371384	0.783390	-156.152344	-69.921875
7935.373385	0.781081	8.591889	0.231727
7936.453442	0.427996	-525.292969	29.003906
7936.457442	0.784382	-525.292969	29.003906
7936.459443	0.781730	-525.292969	29.003906
7936.461444	0.780170	8.581865	0.161042
7937.451519	0.530509	-152.148437	-68.750000
7937.453523	0.763728	-152.148437	-68.750000
7937.455523	0.782410	-152.148437	-68.750000
7937.457523	0.780183	8.582016	0.235057
7938.547587	0.512888	-524.609375	29.589844
7938.549589	0.757472	-524.609375	29.589844
7938.551589	0.783262	-524.609375	29.589844
7938.553588	0.781060	8.591659	0.161193
7939.537655	0.259067	-149.414062	-43.652344
7939.539658	0.560458	-149.414062	-43.652344
7939.541657	0.773210	-149.414062	-43.652344
7939.543657	0.782526	-149.414062	-43.652344
7939.545656	0.780426	8.584684	0.211651
7940.637720	0.382757	-534.277344	35.351562
7940.639720	0.406874	-534.277344	35.351562
7940.641721	0.785201	-534.277344	35.351562
7940.643722	0.785121	8.636333	0.178901
7941.623759	0.371907	-150.390625	17.675781
7941.625761	0.666023	-150.390625	17.675781
7941.627762	0.785554	-150.390625	17.675781
7941.629762	0.783133	8.614461	0.212076
7942.727833	0.554380	-542.871094	40.527344
7942.729833	0.563690	-542.871094	40.527344
7942.731835	0.783217	-542.871094	40.527344
7942.733835	0.781116	8.592279	0.180441
7943.722402	0.515678	-152.148437	84.863281
7943.724402	0.758298	-152.148437	84.863281
7943.726401	0.782778	-152.148437	84.863281
7943.728402	0.780636	8.586997	0.249164
7944.810467	0.294773	-531.542969	38.769531
7944.816467	0.785190	-531.542969	38.769531
7944.818468	0.783228	-531.542969	38.769531
7944.820468	0.782007	8.602080	0.171684
7945.832505	0.387923	-156.445312	63.867187
7945.834506	0.679377	-156.445312	63.867187
7945.836507	0.785165	-156.445312	63.867187
7945.838508	0.782579	8.608364	0.208117
7946.894570	0.566018	-528.222656	33.886719
7946.896571	0.774686	-528.222656	33.886719
7946.900571	0.780461	-528.222656	33.886719
7946.902572	0.779027	8.569299	0.166819
7947.921112	0.409593	-147.460937	-9.570312
7947.923114	0.696289	-147.460937	-9.570312
7947.925113	0.784308	-147.460937	-9.570312
7947.927113	0.781675	8.598421	0.192680
7948.991125	0.401716	-525.292969	27.539062
7948.993126	0.690307	-525.292969	27.539062
7948.995127	0.784839	-525.292969	27.539062
7948.997128	0.782135	8.603490	0.164518
7949.987166	0.431693	-148.828125	-27.734375
7949.989168	0.712081	-148.828125	-27.734375
7949.991168	0.783968	-148.828125	-27.734375
7949.993168	0.781380	8.595178	0.210562
7951.101198	0.342792	-515.917969	34.667969
7951.103199	0.639981	-515.917969	34.667969
7951.105202	0.784027	-515.917969	34.667969
7951.107198	0.782355	8.605909	0.162365
7952.075186	0.367262	-144.824219	79.296875
7952.077187	0.661867	-144.824219	79.296875
7952.079189	0.784486	-144.824219	79.296875
7952.081187	0.782226	8.604483	0.205655
7953.181255	0.686808	-530.371094	38.867187
7953.183259	0.784788	-530.371094	38.867187
7953.185257	0.782185	8.604031	0.169036
7954.185799	0.311313	-159.960937	87.792969
7954.187799	0.610323	-159.960937	87.792969
7954.189801	0.781975	-159.960937	87.792969
7954.191801	0.782336	8.605697	0.209167
7955.252761	0.382852	-524.121094	34.375000
7955.254763	0.675174	-524.121094	34.375000
7955.256764	0.784743	-524.121094	34.375000
7955.258769	0.782225	8.604474	0.173129
7956.286805	0.581177	-151.367187	30.175781
7956.288808	0.778699	-151.367187	30.175781
7956.290808	0.783388	-151.367187	30.175781
7956.292807	0.781397	8.595363	0.456236
7957.346845	0.459952	-509.082031	26.367187
7957.348845	0.730423	-509.082031	26.367187
7957.350846	0.783881	-509.082031	26.367187
7957.352847	0.781439	8.595824	0.165418
7958.356908	0.443940	-152.734375	-29.589844
7958.358910	0.720270	-152.734375	-29.589844
7958.360911	0.723258	-152.734375	-29.589844
7958.362909	0.781192	8.593112	0.193459
7959.455862	0.319329	-504.882812	29.785156
7959.457864	0.618075	-504.882812	29.785156
7959.459863	0.782715	-504.882812	29.785156
7959.461863	0.782317	8.605484	0.162085
7960.437916	0.744378	-148.144531	30.371094
7960.439920	0.783852	-148.144531	30.371094
7960.443918	0.780012	8.580129	0.200374
7961.552483	0.741132	-507.324219	35.742187
7961.554483	0.783909	-507.324219	35.742187
7961.556484	0.781586	8.597445	0.162699
7962.532541	0.330520	-149.902344	103.125000
7962.534543	0.628511	-149.902344	103.125000
7962.536543	0.783661	-149.902344	103.125000
7962.538545	0.782634	8.608975	0.199399
7963.625100	0.322700	-519.140625	37.500000
7963.627102	0.621319	-519.140625	37.500000
7963.629101	0.783188	-519.140625	37.500000
7963.631102	0.782538	8.607922	0.164517
7964.635127	0.378942	-150.097656	137.011719
7964.637129	0.671686	-150.097656	137.011719
7964.639128	0.784479	-150.097656	137.011719
7964.641128	0.782026	8.602284	0.210248
7965.703141	0.375925	-513.378906	36.035156
7965.705144	0.669448	-513.378906	36.035156
7965.707144	0.785097	-513.378906	36.035156
7965.709143	0.782663	8.609295	0.174968
7966.733261	0.596670	-149.804687	113.867187
7966.735263	0.780746	-149.804687	113.867187
7966.737264	0.782172	-149.804687	113.867187
7966.739267	0.780240	8.582637	0.207387
7967.793296	0.551521	-511.425781	32.617187
7967.795298	0.771273	-511.425781	32.617187
7967.797299	0.783076	-511.425781	32.617187
7967.799297	0.780977	8.590746	0.282412
7968.825324	0.377559	-157.128906	53.027344
7968.827327	0.670904	-157.128906	53.027344
7968.829324	0.785974	-157.128906	53.027344
7968.831325	0.783404	8.617448	0.179995
7969.879322	0.265395	-508.789062	29.003906
7969.881324	0.566442	-508.789062	29.003906
7969.883330	0.774915	-508.789062	29.003906
7969.885327	0.782628	-508.789062	29.003906
7969.887328	0.780551	8.586058	0.181531
7970.913393	0.472046	-147.558594	58.593750
7970.915395	0.737214	-147.558594	58.593750
7970.917395	0.783471	-147.558594	58.593750
7970.919393	0.781138	8.592519	0.193540
7971.971456	0.512364	-503.515625	26.757812
7971.975457	0.782875	-503.515625	26.757812
7971.977459	0.780615	-503.515625	26.757812
7971.979460	0.779063	8.569698	0.184904
7972.997499	0.280763	-151.269531	37.500000
7972.999503	0.581086	-151.269531	37.500000
7973.001503	0.778355	-151.269531	37.500000
7973.003501	0.782938	-151.269531	37.500000
7973.005502	0.781011	8.591118	0.191079
7974.063577	0.449342	-505.957031	26.464844
7974.065577	0.723792	-505.957031	26.464844
7974.067578	0.783968	-505.957031	26.464844
7974.069577	0.781480	8.596285	0.192949
7975.092141	0.724158	-155.566406	30.664062
7975.094142	0.783734	-155.566406	30.664062
7975.096142	0.781205	8.593254	0.197740
7976.151074	0.305542	-499.218750	26.171875
7976.153075	0.604814	-499.218750	26.171875
7976.155077	0.782135	-499.218750	26.171875
7976.157075	0.783204	8.615242	0.198314
7977.179102	0.450499	-149.121094	61.718750
7977.181105	0.724390	-149.121094	61.718750
7977.183104	0.783401	-149.121094	61.718750
7977.185105	0.780890	8.589788	0.216276
7978.245166	0.613130	-500.097656	28.027344
7978.247170	0.782277	-500.097656	28.027344
7978.249168	0.782388	8.606264	0.589831
7979.277729	0.441673	-148.632812	91.894531
7979.279731	0.718859	-148.632812	91.894531
7979.281731	0.783957	-148.632812	91.894531
7979.283732	0.781380	8.595178	0.180237
7980.331759	0.490818	-498.339844	29.003906
7980.333761	0.747302	-498.339844	29.003906
7980.335761	0.783386	-498.339844	29.003906
7980.337761	0.781066	8.591721	0.168701
7981.371804	0.515564	-149.218750	129.296875
7981.373807	0.758279	-149.218750	129.296875
7981.377803	0.780737	-149.218750	129.296875
7981.379805	0.779246	8.571701	0.178985
7982.425840	0.705829	-497.949219	31.738281
7982.427841	0.784685	-497.949219	31.738281
7982.429843	0.782067	8.602736	0.142731
7983.449883	0.421250	-146.972656	169.531250
7983.451883	0.704727	-146.972656	169.531250
7983.453885	0.783927	-146.972656	169.531250
7983.455886	0.781311	8.594424	0.172172
7984.517926	0.364022	-518.261719	33.691406
7984.519928	0.784245	-518.261719	33.691406
7984.521929	0.784307	8.627374	0.172724
7985.532505	0.234422	-145.214844	160.449219
7985.534505	0.538080	-145.214844	160.449219
7985.536510	0.766825	-145.214844	160.449219
7985.538510	0.782928	-145.214844	160.449219
7985.540508	0.782845	8.611298	0.189923
7986.622580	0.239482	-496.191406	32.910156
7986.624580	0.542756	-496.191406	32.910156
7986.626581	0.768860	-496.191406	32.910156
7986.628581	0.783546	-496.191406	32.910156
7986.630580	0.781495	8.596444	0.172776
7987.610602	0.453910	-143.066406	126.464844
7987.612604	0.726691	-143.066406	126.464844
7987.614603	0.784155	-143.066406	126.464844
7987.616603	0.781608	8.597685	0.190463
7988.725152	0.442745	-486.328125	29.296875
7988.727155	0.719849	-486.328125	29.296875
7988.729155	0.784626	-486.328125	29.296875
7988.731155	0.782033	8.602365	0.152706
7989.703211	0.386536	-140.429687	60.937500
7989.705213	0.678329	-140.429687	60.937500
7989.707213	0.785462	-140.429687	60.937500
7989.709213	0.782881	8.611688	0.194918
7990.797266	0.522604	-483.105469	22.753906
7990.799266	0.761386	-483.105469	22.753906
7990.801267	0.783256	-483.105469	22.753906
7990.803268	0.781118	8.592297	0.174902
7991.811327	0.569819	-141.406250	57.324219
7991.813331	0.775715	-141.406250	57.324219
7991.815330	0.782584	-141.406250	57.324219
7991.817329	0.780561	8.586173	0.376042
7992.873389	0.444803	-494.042969	25.781250
7992.875390	0.720891	-494.042969	25.781250
7992.877392	0.783918	-494.042969	25.781250
7992.879391	0.781345	8.594796	0.175632
7993.909944	0.747725	-150.097656	116.406250
7993.911944	0.783515	-150.097656	116.406250
7993.913943	0.781245	8.593697	0.183450
7994.962510	0.468860	-501.953125	30.664062
7994.964512	0.735413	-501.953125	30.664062
7994.966512	0.783419	-501.953125	30.664062
7994.968513	0.780965	8.590612	0.171278
7995.990528	0.457697	-144.726562	192.871094
7995.992530	0.728954	-144.726562	192.871094
7995.994531	0.783576	-144.726562	192.871094
7995.996530	0.781088	8.591969	0.188242
7997.070588	0.493885	-497.363281	33.105469
7997.072590	0.748416	-497.363281	33.105469
7997.074590	0.782777	-497.363281	33.105469
7997.076591	0.780494	8.585438	0.142567
7998.066641	0.673778	-140.234375	191.308594
7998.068643	0.784782	-140.234375	191.308594
7998.070644	0.782180	8.603977	0.198082
7999.174743	0.621928	-495.703125	32.617187
7999.176747	0.783365	-495.703125	32.617187
7999.178746	0.782722	8.609941	0.143448
8000.149323	0.353520	-139.941406	129.394531
8000.151326	0.649794	-139.941406	129.394531
8000.153326	0.784892	-139.941406	129.394531
8000.155326	0.782810	8.610908	0.181191
8001.253905	0.459605	-476.171875	25.585937
8001.255906	0.730291	-476.171875	25.585937
8001.257905	0.784075	-476.171875	25.585937
8001.259907	0.781581	8.597393	0.168203
8002.251959	0.558843	-138.281250	79.980469
8002.255960	0.784469	-138.281250	79.980469
8002.257962	0.782357	-138.281250	79.980469
8002.259961	0.781017	8.591189	0.319657
8003.332097	0.381214	-482.226562	22.070312
8003.334101	0.673901	-482.226562	22.070312
8003.336099	0.785257	-482.226562	22.070312
8003.338101	0.782674	8.609419	0.183106
8004.348161	0.341149	-142.187500	81.738281
8004.350163	0.638588	-142.187500	81.738281
8004.352163	0.784788	-142.187500	81.738281
8004.356161	0.781386	8.595248	0.178706
8005.412217	0.360187	-476.855469	22.558594
8005.414221	0.655757	-476.855469	22.558594
8005.416220	0.784889	-476.855469	22.558594
8005.418222	0.782666	8.609330	0.188384
8006.446284	0.700744	-152.636719	97.851562
8006.448286	0.784747	-152.636719	97.851562
8006.450286	0.782085	8.602932	0.182841
8007.495267	0.233503	-477.929687	25.097656
8007.497270	0.537183	-477.929687	25.097656
8007.499268	0.766721	-477.929687	25.097656
8007.501268	0.783114	-477.929687	25.097656
8007.503268	0.780934	8.590277	0.174324
8008.547287	0.672779	-152.343750	135.058594
8008.549290	0.785181	-152.343750	135.058594
8008.551289	0.782625	8.608878	0.168016
8009.589313	0.464669	-476.562500	28.515625
8009.593312	0.784220	-476.562500	28.515625
8009.595314	0.781775	-476.562500	28.515625
8009.597314	0.780230	8.582531	0.156937
8010.631389	0.334724	-147.265625	179.687500
8010.633391	0.632696	-147.265625	179.687500
8010.635390	0.787279	-147.265625	179.687500
8010.637392	0.786172	8.647890	0.165800
8011.685419	0.306051	-484.472656	30.468750
8011.687423	0.605353	-484.472656	30.468750
8011.691420	0.783478	-484.472656	30.468750
8011.693423	0.781553	8.597083	0.147205
8012.717431	0.278246	-142.285156	214.355469
8012.719433	0.578705	-142.285156	214.355469
8012.721432	0.778054	-142.285156	214.355469
8012.723433	0.783183	-142.285156	214.355469
8012.727430	0.779804	8.577843	0.172591
8013.777482	0.467187	-486.328125	30.566406
8013.779484	0.734762	-486.328125	30.566406
8013.781484	0.783958	-486.328125	30.566406
8013.783484	0.781522	8.596745	0.162889
8014.803527	0.465595	-149.902344	199.316406
8014.805528	0.733809	-149.902344	199.316406
8014.807528	0.783976	-149.902344	199.316406
8014.809528	0.781559	8.597144	0.185506
8015.868117	0.485423	-493.457031	31.250000
8015.870119	0.744261	-493.457031	31.250000
8015.872118	0.783078	-493.457031	31.250000
8015.874118	0.780741	8.588149	0.164344
8016.894676	0.409326	-141.015625	225.488281
8016.896677	0.695941	-141.015625	225.488281
8016.898679	0.784574	-141.015625	225.488281
8016.900678	0.781997	8.601965	0.187683
8017.954709	0.439770	-483.300781	29.101562
8017.956711	0.717495	-483.300781	29.101562
8017.958714	0.783764	-483.300781	29.101562
8017.960719	0.781178	8.592953	0.163108
8018.986784	0.265068	-147.656250	195.800781
8018.988785	0.566209	-147.656250	195.800781
8018.990784	0.774843	-147.656250	195.800781
8018.992784	0.782598	-147.656250	195.800781
8018.994784	0.782544	8.607983	0.183419
8020.042824	0.464731	-473.144531	27.636719
8020.044827	0.732987	-473.144531	27.636719
8020.046828	0.783266	-473.144531	27.636719
8020.048827	0.780784	8.588619	0.165028
8021.076872	0.438639	-143.554687	184.472656
8021.078872	0.716728	-143.554687	184.472656
8021.080875	0.783772	-143.554687	184.472656
8021.082874	0.781216	8.593378	0.190680
8022.130941	0.751187	-469.042969	24.707031
8022.132944	0.783589	-469.042969	24.707031
8022.134944	0.781352	8.594867	0.163128
8023.165017	0.312620	-143.554687	146.972656
8023.167017	0.611669	-143.554687	146.972656
8023.169018	0.782848	-143.554687	146.972656
8023.171017	0.783094	8.614036	0.165977
8024.219080	0.290558	-468.261719	21.386719
8024.221082	0.590515	-468.261719	21.386719
8024.223080	0.779998	-468.261719	21.386719
8024.225082	0.782881	-468.261719	21.386719
8024.227082	0.780954	8.590498	0.170764
8025.253141	0.647829	-142.382812	111.425781
8025.255144	0.783739	-142.382812	111.425781
8025.257143	0.781759	8.599351	0.163288
8026.321720	0.349672	-461.523437	19.433594
8026.323722	0.646283	-461.523437	19.433594
8026.327719	0.782556	-461.523437	19.433594
8026.329723	0.780730	8.588025	0.182740
8027.333744	0.624172	-140.625000	112.890625
8027.335746	0.782672	-140.625000	112.890625
8027.337746	0.781873	8.600601	0.162570
8028.420349	0.417607	-471.582031	22.753906
8028.424347	0.784314	-471.582031	22.753906
8028.426349	0.781686	-471.582031	22.753906
8028.428349	0.779978	8.579757	0.171168
8029.414362	0.526146	-134.472656	169.140625
8029.416362	0.762688	-134.472656	169.140625
8029.418361	0.783126	-134.472656	169.140625
8029.420361	0.780954	8.590498	0.171099
8030.514406	0.257875	-484.082031	28.710937
8030.516408	0.559427	-484.082031	28.710937
8030.518409	0.773397	-484.082031	28.710937
8030.520409	0.783079	-484.082031	28.710937
8030.522409	0.781049	8.591544	0.159672
8031.510968	0.669758	-132.226562	223.242187
8031.512969	0.673853	-132.226562	223.242187
8031.514969	0.782195	8.604146	0.165040
8032.601041	0.526592	-487.597656	30.273437
8032.603043	0.763395	-487.597656	30.273437
8032.605044	0.783993	-487.597656	30.273437
8032.607044	0.781859	8.600451	0.146643
8033.601011	0.378013	-137.207031	260.351562
8033.603011	0.671072	-137.207031	260.351562
8033.605010	0.675389	-137.207031	260.351562
8033.607012	0.781980	8.601780	0.158025
8034.681068	0.338379	-479.589844	29.687500
8034.683070	0.635883	-479.589844	29.687500
8034.685071	0.783845	-479.589844	29.687500
8034.687070	0.782411	8.606521	0.152047
8035.705099	0.751774	-147.363281	237.890625
8035.707101	0.782913	-147.363281	237.890625
8035.709102	0.780654	8.587193	0.156781
8036.767101	0.512982	-463.281250	27.050781
8036.769103	0.757597	-463.281250	27.050781
8036.773100	0.781194	-463.281250	27.050781
8036.775103	0.779595	8.575547	0.150108
8037.797103	0.338882	-138.476562	214.257812
8037.799107	0.636418	-138.476562	214.257812
8037.801105	0.783737	-138.476562	214.257812
8037.803105	0.782299	8.605289	0.160202
8038.855133	0.451596	-460.156250	22.460937
8038.857134	0.725170	-460.156250	22.460937
8038.859134	0.783612	-460.156250	22.460937
8038.863136	0.779432	8.573748	0.160030
8039.877202	0.232957	-138.769531	159.277344
8039.879205	0.536592	-138.769531	159.277344
8039.881204	0.766396	-138.769531	159.277344
8039.883203	0.782961	-138.769531	159.277344
8039.885205	0.780865	8.589514	0.165623
8040.955239	0.780664	-445.800781	18.945312
8040.959238	0.781453	-445.800781	18.945312
8040.961240	0.780207	8.582273	0.480158
8041.961256	0.576748	-139.160156	143.164062
8041.963256	0.777129	-139.160156	143.164062
8041.965256	0.782611	-139.160156	143.164062
8041.967256	0.780549	8.586040	0.167672
8043.049812	0.432169	-467.089844	19.824219
8043.051815	0.712685	-467.089844	19.824219
8043.053814	0.784465	-467.089844	19.824219
8043.055815	0.781888	8.600769	0.158916
8044.043825	0.388003	-132.714844	181.933594
8044.045826	0.679457	-132.714844	181.933594
8044.047826	0.785344	-132.714844	181.933594
8044.049827	0.782751	8.610261	0.160295
8045.143869	0.270106	-462.304687	23.828125
8045.145869	0.571154	-462.304687	23.828125
8045.149868	0.783101	-462.304687	23.828125
8045.151868	0.781095	-462.304687	23.828125
8045.153869	0.779679	8.576469	0.161723
8046.133892	0.784203	-136.132812	205.664062
8046.135894	0.781578	8.597358	0.161675
8047.234454	0.441841	-469.140625	26.855469
8047.236456	0.718727	-469.140625	26.855469
8047.238458	0.783426	-469.140625	26.855469
8047.240456	0.780863	8.589497	0.156375
8048.220516	0.433727	-131.542969	248.730469
8048.222518	0.713345	-131.542969	248.730469
8048.224519	0.783614	-131.542969	248.730469
8048.226519	0.781033	8.591357	0.160993
8049.330597	0.782853	-472.265625	28.710937
8049.332600	0.780842	-472.265625	28.710937
8049.334599	0.779370	8.573074	0.177561
8050.315176	0.519282	-132.226562	265.625000
8050.317179	0.759690	-132.226562	265.625000
8050.319178	0.782742	-132.226562	265.625000
8050.323176	0.779027	8.569299	0.157631
8051.413231	0.750912	-460.156250	27.929687
8051.415233	0.783251	-460.156250	27.929687
8051.417233	0.780999	8.590994	0.151217
8052.409321	0.731125	-129.589844	285.644531
8052.411321	0.783346	-129.589844	285.644531
8052.413321	0.780871	8.589576	0.158522
8053.501332	0.515329	-462.011719	28.808594
8053.503334	0.758527	-462.011719	28.808594
8053.505333	0.783337	-462.011719	28.808594
8053.507334	0.781176	8.592935	0.144899
8054.495410	0.406686	-129.492187	288.476562
8054.497411	0.694049	-129.492187	288.476562
8054.499412	0.784413	-129.492187	288.476562
8054.501411	0.781777	8.599546	0.159991
8055.593458	0.528463	-465.917969	29.003906
8055.595462	0.763521	-465.917969	29.003906
8055.597467	0.783104	-465.917969	29.003906
8055.599465	0.780999	8.590985	0.156856
8056.583506	0.351044	-128.320312	297.265625
8056.585507	0.647644	-128.320312	297.265625
8056.587509	0.785015	-128.320312	297.265625
8056.589508	0.783054	8.613592	0.162803
8057.687541	0.784584	-456.933594	28.222656
8057.689544	0.781924	8.601168	0.141922
8058.671529	0.287867	-126.855469	287.109375
8058.673532	0.343773	-126.855469	287.109375
8058.675529	0.779637	-126.855469	287.109375
8058.677531	0.782960	-126.855469	287.109375
8058.679530	0.780999	8.590985	0.162855
8059.773589	0.552760	-468.261719	27.929687
8059.775590	0.771365	-468.261719	27.929687
8059.777589	0.782810	-468.261719	27.929687
8059.779591	0.780729	8.588017	0.281792
8060.760151	0.314236	-124.902344	277.441406
8060.762153	0.613184	-124.902344	277.441406
8060.764153	0.782218	-124.902344	277.441406
8060.768152	0.780363	8.583993	0.155757
8061.864213	0.497103	-457.910156	25.488281
8061.866213	0.750186	-457.910156	25.488281
8061.868215	0.783186	-457.910156	25.488281
8061.870213	0.780962	8.590577	0.156064
8062.850275	0.489358	-134.277344	226.171875
8062.852277	0.746532	-134.277344	226.171875
8062.854277	0.783530	-134.277344	226.171875
8062.856277	0.781208	8.593289	0.153933
8063.952826	0.369206	-459.765625	21.972656
8063.954830	0.663596	-459.765625	21.972656
8063.956829	0.784386	-459.765625	21.972656
8063.958828	0.782055	8.602604	0.158207
8064.944820	0.407032	-130.957031	209.375000
8064.946821	0.420173	-130.957031	209.375000
8064.950820	0.781555	-130.957031	209.375000
8064.952823	0.779810	8.577913	0.148828
8066.032883	0.491603	-451.269531	17.773437
8066.034884	0.747880	-451.269531	17.773437
8066.036885	0.783923	-451.269531	17.773437
8066.038884	0.781654	8.598199	0.171045
8067.043831	0.530703	-135.449219	185.937500
8067.045832	0.764320	-135.449219	185.937500
8067.047834	0.783046	-135.449219	185.937500
8067.049833	0.780954	8.590488	0.174139
8068.113835	0.366931	-434.472656	16.796875
8068.115837	0.661632	-434.472656	16.796875
8068.117836	0.784263	-434.472656	16.796875
8068.119837	0.781944	8.601380	0.167419
8069.141885	0.759913	-132.714844	224.609375
8069.143886	0.782890	-132.714844	224.609375
8069.145887	0.780668	8.587343	0.154850
8070.199956	0.696351	-441.503906	19.921875
8070.203966	0.781461	-441.503906	19.921875
8070.207965	0.778488	8.563371	0.159438
8071.234028	0.527404	-138.964844	259.863281
8071.236029	0.762990	-138.964844	259.863281
8071.238030	0.782858	-138.964844	259.863281
8071.240029	0.780776	8.588539	0.144128
8072.290102	0.426996	-450.878906	24.218750
8072.292104	0.708992	-450.878906	24.218750
8072.294104	0.784366	-450.878906	24.218750
8072.296104	0.781745	8.599192	0.143823
8073.324125	0.740272	-141.796875	290.332031
8073.326126	0.783709	-141.796875	290.332031
8073.328127	0.781352	8.594867	0.151827
8074.387066	0.475588	-459.277344	27.441406
8074.389069	0.739644	-459.277344	27.441406
8074.391068	0.784229	-459.277344	27.441406
8074.393068	0.781795	8.599741	0.145588
8075.403103	0.508786	-132.617187	330.078125
8075.405105	0.755588	-132.617187	330.078125
8075.407106	0.783176	-132.617187	330.078125
8075.409106	0.780941	8.590356	0.147846
8076.483163	0.470470	-456.835937	26.953125
8076.485168	0.736476	-456.835937	26.953125
8076.487165	0.783691	-456.835937	26.953125
8076.489166	0.781275	8.594025	0.152489
8077.485214	0.696562	-129.785156	316.894531
8077.487217	0.784498	-129.785156	316.894531
8077.489217	0.781867	8.600538	0.153143
8078.579800	0.392573	-459.570312	26.367187
8078.581802	0.683558	-459.570312	26.367187
8078.583802	0.787525	-459.570312	26.367187
8078.585802	0.784818	8.633001	0.148566
8079.568376	0.530199	-123.730469	315.039062
8079.570377	0.764237	-123.730469	315.039062
8079.572377	0.783188	-123.730469	315.039062
8079.574377	0.781095	8.592040	0.151647
8080.672429	0.327468	-450.390625	25.097656
8080.674430	0.625749	-450.390625	25.097656
8080.676431	0.784377	-450.390625	25.097656
8080.678431	0.783522	8.618742	0.144750
8081.656433	0.394915	-132.128906	250.097656
8081.658434	0.684910	-132.128906	250.097656
8081.660434	0.784805	-132.128906	250.097656
8081.662439	0.782230	8.604535	0.156825
8082.763010	0.568145	-434.179687	21.582031
8082.765010	0.775472	-434.179687	21.582031
8082.767010	0.783022	-434.179687	21.582031
8082.769011	0.780963	8.590595	0.153205
8083.755047	0.735210	-122.656250	258.691406
8083.757050	0.783481	-122.656250	258.691406
8083.761050	0.779524	8.574767	0.134979
8084.847140	0.768089	-427.929687	17.675781
8084.849141	0.782834	-427.929687	17.675781
8084.851140	0.780715	8.587866	0.240400
8085.847171	0.475709	-133.300781	214.843750
8085.849174	0.739570	-133.300781	214.843750
8085.851173	0.742831	-133.300781	214.843750
8085.853173	0.781673	8.598403	0.135775
8086.928110	0.491043	-439.355469	16.894531
8086.930111	0.747474	-439.355469	16.894531
8086.932112	0.783532	-439.355469	16.894531
8086.934113	0.781219	8.593413	0.169842
8087.942633	0.375360	-132.519531	225.781250
8087.944634	0.668986	-132.519531	225.781250
8087.946635	0.785175	-132.519531	225.781250
8087.948634	0.782706	8.609764	0.145945
8089.012679	0.292266	-427.441406	17.480469
8089.014690	0.592235	-427.441406	17.480469
8089.016692	0.781658	-427.441406	17.480469
8089.018690	0.784341	-427.441406	17.480469
8089.020692	0.782409	8.606494	0.170331
8090.040708	0.662746	-139.355469	202.441406
8090.042710	0.784743	-139.355469	202.441406
8090.044711	0.782365	8.606016	0.159885
8091.093283	0.498643	-420.898437	16.796875
8091.095284	0.750945	-420.898437	16.796875
8091.097285	0.783212	-420.898437	16.796875
8091.099286	0.781015	8.591162	0.174255
8092.129327	0.385892	-136.230469	233.300781
8092.131327	0.677660	-136.230469	233.300781
8092.135326	0.782649	-136.230469	233.300781
8092.137327	0.780939	8.590329	0.148534
8093.187357	0.421957	-431.835937	17.578125
8093.189360	0.705318	-431.835937	17.578125
8093.191362	0.784133	-431.835937	17.578125
8093.193363	0.781531	8.596844	0.161224
8094.215435	0.493354	-132.617187	255.273437
8094.217435	0.748366	-132.617187	255.273437
8094.219436	0.783292	-132.617187	255.273437
8094.223434	0.779453	8.573978	0.154356
8095.278977	3.169796	-437.597656	18.261719
8095.284308	0.783321	-437.597656	18.261719
8095.286311	0.782423	8.606654	0.149302
8096.305256	0.395410	-138.671875	232.812500
8096.307258	0.685410	-138.671875	232.812500
8096.309260	0.785390	-138.671875	232.812500
8096.311257	0.782762	8.610385	0.149387
8097.373261	0.391822	-421.679687	17.968750
8097.375263	0.682683	-421.679687	17.968750
8097.377262	0.786291	-421.679687	17.968750
8097.379263	0.783590	8.619486	0.144757
8098.393310	0.563259	-137.890625	226.171875
8098.395311	0.774308	-137.890625	226.171875
8098.397311	0.782906	-137.890625	226.171875
8098.399310	0.782823	8.611050	0.326927
8099.463309	0.475457	-428.515625	16.699219
8099.465309	0.739277	-428.515625	16.699219
8099.467312	0.783742	-428.515625	16.699219
8099.469311	0.781352	8.594875	0.146363
8100.479372	0.362441	-128.125000	249.609375
8100.481373	0.657763	-128.125000	249.609375
8100.483373	0.785662	-128.125000	249.609375
8100.485375	0.783349	8.616837	0.154306
8101.557425	0.482943	-424.707031	15.820312
8101.559427	0.743260	-424.707031	15.820312
8101.561428	0.783590	-424.707031	15.820312
8101.563427	0.781273	8.593999	0.141185
8102.565447	0.542367	-136.035156	226.367187
8102.567450	0.767963	-136.035156	226.367187
8102.569451	0.782473	-136.035156	226.367187
8102.571450	0.780381	8.584188	0.148837
8103.650418	0.472611	-431.933594	16.015625
8103.652421	0.737680	-431.933594	16.015625
8103.654419	0.783742	-431.933594	16.015625
8103.656419	0.781350	8.594849	0.146102
8104.651018	0.495634	-127.539062	268.457031
8104.653021	0.749673	-127.539062	268.457031
8104.655021	0.783498	-127.539062	268.457031
8104.657019	0.781268	8.593946	0.139871
8105.747061	0.473355	-425.390625	18.652344
8105.749062	0.738087	-425.390625	18.652344
8105.751063	0.783619	-425.390625	18.652344
8105.753061	0.781324	8.594565	0.144593
8106.735127	0.305771	-123.242187	307.031250
8106.737131	0.605130	-123.242187	307.031250
8106.739130	0.781520	-123.242187	307.031250
8106.741132	0.782446	8.606902	0.140104
8107.839246	0.496834	-436.230469	22.265625
8107.841249	0.750161	-436.230469	22.265625
8107.843248	0.783356	-436.230469	22.265625
8107.845247	0.781087	8.591960	0.148290
8108.825301	0.488289	-127.734375	323.339844
8108.827302	0.746038	-127.734375	323.339844
8108.829303	0.783506	-127.734375	323.339844
8108.831302	0.781155	8.592704	0.139428
8109.929896	0.762290	-433.496094	25.000000
8109.931898	0.783118	-433.496094	25.000000
8109.933899	0.781050	8.591553	0.145743
8110.917915	0.498066	-130.664062	347.851562
8110.919916	0.750719	-130.664062	347.851562
8110.921916	0.783298	-130.664062	347.851562
8110.923917	0.781073	8.591801	0.142634
8112.012841	0.613454	-443.164062	25.585937
8112.014843	0.782376	-443.164062	25.585937
8112.016842	0.782487	8.607354	0.142374
8113.016895	0.770506	-130.078125	370.019531
8113.020895	0.780823	-130.078125	370.019531
8113.022897	0.779310	8.572410	0.146338
8114.093445	0.439635	-451.269531	25.097656
8114.095449	0.717748	-451.269531	25.097656
8114.097450	0.784420	-451.269531	25.097656
8114.099452	0.781846	8.600308	0.139547
8115.112420	0.676046	-135.937500	355.957031
8115.114423	0.784440	-135.937500	355.957031
8115.116422	0.781886	8.600742	0.148654
8116.176959	0.618094	-428.710937	22.753906
8116.178960	0.783451	-428.710937	22.753906
8116.180960	0.783184	8.615028	0.144217
8117.207006	0.452595	-131.445312	354.589844
8117.209007	0.725938	-131.445312	354.589844
8117.211007	0.784032	-131.445312	354.589844
8117.213008	0.781577	8.597348	0.137855
8118.261056	0.428937	-431.640625	20.410156
8118.263057	0.710323	-431.640625	20.410156
8118.265060	0.784115	-431.640625	20.410156
8118.267058	0.781462	8.596081	0.150848
8119.299066	0.605191	-134.375000	309.667969
8119.301068	0.781379	-134.375000	309.667969
8119.303066	0.782266	8.604925	0.528815
8120.351633	0.438705	-417.285156	17.578125
8120.353633	0.451507	-417.285156	17.578125
8120.355632	0.784277	-417.285156	17.578125
8120.357633	0.781745	8.599200	0.148340
8121.385708	0.784254	-128.613281	298.730469
8121.387709	0.781601	-128.613281	298.730469
8121.391708	0.778782	8.566605	0.138550
8122.447729	0.509222	-418.554687	15.332031
8122.449731	0.755655	-418.554687	15.332031
8122.453728	0.780847	-418.554687	15.332031
8122.455730	0.779245	8.571692	0.158154
8123.465782	0.307251	-130.957031	271.289062
8123.467785	0.606555	-130.957031	271.289062
8123.469784	0.782302	-130.957031	271.289062
8123.471782	0.783141	8.614550	0.142206
8124.541857	0.441981	-418.554687	13.769531
8124.543860	0.719002	-418.554687	13.769531
8124.545861	0.783631	-418.554687	13.769531
8124.547860	0.781092	8.592013	0.158175
8125.549880	0.269286	-133.105469	263.476562
8125.551884	0.570369	-133.105469	263.476562
8125.553883	0.776103	-133.105469	263.476562
8125.555883	0.782952	-133.105469	263.476562
8125.557883	0.780921	8.590134	0.147358
8126.634453	0.371370	-429.394531	14.355469
8126.638454	0.785251	-429.394531	14.355469
8126.640456	0.782850	-429.394531	14.355469
8126.642456	0.781120	8.592323	0.162023
8127.640447	0.585567	-125.878906	289.453125
8127.642452	0.778756	-125.878906	289.453125
8127.646448	0.780535	-125.878906	289.453125
8127.648449	0.779092	8.570008	0.441577
8128.730546	0.762606	-423.632812	15.429687
8128.732547	0.783245	-423.632812	15.429687
8128.734547	0.781108	8.592190	0.145380
8129.725106	0.556431	-128.417969	291.210937
8129.727106	0.772461	-128.417969	291.210937
8129.729109	0.782799	-128.417969	291.210937
8129.731107	0.780687	8.587555	0.297433
8130.819135	0.465186	-421.484375	15.917969
8130.821137	0.733328	-421.484375	15.917969
8130.823138	0.783558	-421.484375	15.917969
8130.825138	0.781116	8.592279	0.142926
8131.815192	0.571952	-124.218750	312.207031
8131.817195	0.776403	-124.218750	312.207031
8131.819195	0.782869	-124.218750	312.207031
8131.821196	0.780829	8.589125	0.370742
8132.909263	0.485838	-419.726562	16.406250
8132.911267	0.744902	-419.726562	16.406250
8132.913265	0.783877	-419.726562	16.406250
8132.915266	0.781476	8.596231	0.140355
8133.905313	0.761825	-124.511719	312.988281
8133.907315	0.783490	-124.511719	312.988281
8133.909315	0.781349	8.594840	0.139253
8134.999337	0.575292	-423.925781	16.601562
8135.001340	0.776896	-423.925781	16.601562
8135.003340	0.782677	-423.925781	16.601562
8135.005339	0.780626	8.586882	0.390270
8135.996250	0.716310	-132.031250	287.304687
8135.998253	0.784088	-132.031250	287.304687
8136.000255	0.781519	8.596710	0.137599
8137.087216	0.415435	-417.285156	16.113281
8137.091218	0.785710	-417.285156	16.113281
8137.093219	0.785617	-417.285156	16.113281
8137.095217	0.781443	8.595877	0.142716
8138.089281	0.778862	-124.316406	309.960937
8138.091283	0.782486	-124.316406	309.960937
8138.093284	0.780493	8.585420	0.134356
8139.177303	0.582150	-409.277344	14.355469
8139.179305	0.588796	-409.277344	14.355469
8139.181304	0.782756	-409.277344	14.355469
8139.183304	0.780802	8.588822	0.140957
8140.179361	0.518196	-130.468750	288.964844
8140.181362	0.759285	-130.468750	288.964844
8140.183364	0.782687	-130.468750	288.964844
8140.187363	0.778914	8.568049	0.131264
8141.259892	1.767832	-416.894531	12.597656
8141.261894	0.618804	-416.894531	12.597656
8141.263895	0.782792	-416.894531	12.597656
8141.265894	0.782378	8.606157	0.148468
8142.274505	0.596253	-124.414062	314.550781
8142.276501	0.781125	-124.414062	314.550781
8142.278502	0.782799	-124.414062	314.550781
8142.280501	0.780838	8.589221	0.128740
8143.344507	0.360598	-405.078125	13.183594
8143.346509	0.656200	-405.078125	13.183594
8143.348511	0.784506	-405.078125	13.183594
8143.350510	0.782379	8.606166	0.148792
8144.366520	0.369713	-130.664062	315.722656
8144.368522	0.664203	-130.664062	315.722656
8144.370520	0.785605	-130.664062	315.722656
8144.372522	0.783175	8.614923	0.134109
8145.430558	0.305393	-412.988281	15.136719
8145.432560	0.604890	-412.988281	15.136719
8145.434559	0.782256	-412.988281	15.136719
8145.436561	0.783227	8.615499	0.146978
8146.462615	0.666138	-137.988281	325.585937
8146.464616	0.785580	-137.988281	325.585937
8146.466615	0.783182	8.615003	0.128416
8147.518643	0.558730	-422.363281	19.042969
8147.520644	0.773158	-422.363281	19.042969
8147.522645	0.782838	-422.363281	19.042969
8147.524644	0.780807	8.588876	0.142883
8148.553247	0.304063	-127.539062	387.109375
8148.555254	0.603528	-127.539062	387.109375
8148.557253	0.782036	-127.539062	387.109375
8148.559252	0.783143	8.614576	0.132422
8149.607723	0.424269	-418.457031	22.070312
8149.609731	0.707013	-418.457031	22.070312
8149.611737	0.784261	-418.457031	22.070312
8149.613736	0.781624	8.597862	0.135174
8150.637814	0.338155	-132.519531	390.039062
8150.639814	0.635808	-132.519531	390.039062
8150.641814	0.784307	-132.519531	390.039062
8150.643816	0.782788	8.610668	0.129852
8151.704340	0.646665	-424.609375	23.046875
8151.706341	0.784106	-424.609375	23.046875
8151.710339	0.780345	8.583797	0.136237
8152.722338	0.440115	-129.199219	400.390625
8152.724341	0.717744	-129.199219	400.390625
8152.726340	0.783803	-129.199219	400.390625
8152.728342	0.781280	8.594078	0.132967
