time (s)	coil I (A)	last det (V)	int current (uC)
5585.856214	0.409550	-207.324219	29.199219
5585.858215	0.703341	-207.324219	29.199219
5585.860218	0.987997	-207.324219	29.199219
5585.862216	1.255091	-207.324219	29.199219
5585.864215	1.510415	-207.324219	29.199219
5585.866215	1.759224	-207.324219	29.199219
5585.868216	1.996383	-207.324219	29.199219
5585.870216	2.222010	-207.324219	29.199219
5585.872215	2.446359	-207.324219	29.199219
5585.874217	2.602934	-207.324219	29.199219
5585.876215	2.604241	-207.324219	29.199219
5585.880215	2.596459	28.561054	0.335156
5586.974210	0.454454	-476.367187	13.769531
5586.976213	0.747496	-476.367187	13.769531
5586.978212	1.030335	-476.367187	13.769531
5586.980212	1.294460	-476.367187	13.769531
5586.982214	1.549394	-476.367187	13.769531
5586.984212	1.796947	-476.367187	13.769531
5586.986213	2.031958	-476.367187	13.769531
5586.988213	2.257700	-476.367187	13.769531
5586.990214	2.481348	-476.367187	13.769531
5586.992213	2.609573	-476.367187	13.769531
5586.994211	2.605008	28.655092	0.209637
5587.928266	0.483286	-214.062500	35.644531
5587.930268	0.775353	-214.062500	35.644531
5587.932269	1.056520	-214.062500	35.644531
5587.934268	1.318321	-214.062500	35.644531
5587.936267	1.572752	-214.062500	35.644531
5587.938267	1.818880	-214.062500	35.644531
5587.940269	2.052277	-214.062500	35.644531
5587.944265	2.500384	-214.062500	35.644531
5587.946269	2.607350	-214.062500	35.644531
5587.950266	2.597611	28.573717	0.355201
5589.066312	0.614886	-486.914062	19.238281
5589.068315	0.903616	-486.914062	19.238281
5589.070314	1.176941	-486.914062	19.238281
5589.072314	1.434004	-486.914062	19.238281
5589.074315	1.685700	-486.914062	19.238281
5589.076315	1.697339	-486.914062	19.238281
5589.078321	2.154616	-486.914062	19.238281
5589.080318	2.380647	-486.914062	19.238281
5589.082316	2.579014	-486.914062	19.238281
5589.084318	2.607672	-486.914062	19.238281
5589.086317	2.602460	28.627062	0.715841
5590.018827	0.493460	-220.996094	58.203125
5590.020831	0.785206	-220.996094	58.203125
5590.022830	1.065990	-220.996094	58.203125
5590.024831	1.327066	-220.996094	58.203125
5590.026831	1.581282	-220.996094	58.203125
5590.028830	1.827116	-220.996094	58.203125
5590.030830	2.059974	-220.996094	58.203125
5590.032830	2.285377	-220.996094	58.203125
5590.036829	2.608322	-220.996094	58.203125
5590.038831	2.602396	-220.996094	58.203125
5590.040829	2.602210	28.624313	0.328867
5591.154847	0.703035	-495.703125	21.679687
5591.156848	0.987892	-495.703125	21.679687
5591.158847	1.255083	-495.703125	21.679687
5591.160848	1.510623	-495.703125	21.679687
5591.162848	1.759684	-495.703125	21.679687
5591.164848	1.996926	-495.703125	21.679687
5591.166848	2.222653	-495.703125	21.679687
5591.168849	2.447179	-495.703125	21.679687
5591.170848	2.604385	-495.703125	21.679687
5591.172849	2.605762	-495.703125	21.679687
5591.174851	2.601220	28.613422	0.314379
5592.146846	0.439282	-214.843750	133.691406
5592.148849	0.732246	-214.843750	133.691406
5592.150849	1.015416	-214.843750	133.691406
5592.152849	1.280324	-214.843750	133.691406
5592.154849	1.535119	-214.843750	133.691406
5592.156848	1.782989	-214.843750	133.691406
5592.158848	2.018574	-214.843750	133.691406
5592.160850	2.244153	-214.843750	133.691406
5592.162849	2.467685	-214.843750	133.691406
5592.164850	2.605919	-214.843750	133.691406
5592.166849	2.602755	-214.843750	133.691406
5592.168848	2.598397	28.582367	0.338812
5593.232899	0.680361	-490.039062	19.628906
5593.234899	0.966183	-490.039062	19.628906
5593.236899	1.234869	-490.039062	19.628906
5593.238900	1.490632	-490.039062	19.628906
5593.240901	1.740339	-490.039062	19.628906
5593.242901	1.978746	-490.039062	19.628906
5593.244899	2.204489	-490.039062	19.628906
5593.246900	2.429478	-490.039062	19.628906
5593.248900	2.599080	-490.039062	19.628906
5593.252898	2.600845	-490.039062	19.628906
5593.254901	2.597591	28.573498	0.347394
5594.244888	0.566567	-222.265625	163.476562
5594.246888	0.857038	-222.265625	163.476562
5594.248889	1.133556	-222.265625	163.476562
5594.250890	1.391229	-222.265625	163.476562
5594.252890	1.644125	-222.265625	163.476562
5594.254894	1.887318	-222.265625	163.476562
5594.256898	2.116754	-222.265625	163.476562
5594.258899	2.343125	-222.265625	163.476562
5594.260900	2.554848	-222.265625	163.476562
5594.262900	2.606742	-222.265625	163.476562
5594.264898	2.601026	28.611286	0.584383
5595.308945	0.510117	-513.183594	25.000000
5595.314944	1.341922	-513.183594	25.000000
5595.316947	1.596175	-513.183594	25.000000
5595.318947	1.841439	-513.183594	25.000000
5595.320947	2.073548	-513.183594	25.000000
5595.322945	2.299116	-513.183594	25.000000
5595.324945	2.520237	-513.183594	25.000000
5595.326946	2.608472	-513.183594	25.000000
5595.328947	2.608251	28.690762	0.384710
5596.332951	0.511501	-229.785156	126.074219
5596.334954	0.803040	-229.785156	126.074219
5596.336953	1.082897	-229.785156	126.074219
5596.338953	1.342815	-229.785156	126.074219
5596.340954	1.596883	-229.785156	126.074219
5596.342954	1.842059	-229.785156	126.074219
5596.344955	1.849942	-229.785156	126.074219
5596.346955	2.299521	-229.785156	126.074219
5596.348955	2.307472	-229.785156	126.074219
5596.350957	2.607465	-229.785156	126.074219
5596.352955	2.601488	28.616371	0.454472
5597.429006	0.491214	-470.703125	15.917969
5597.431007	0.783289	-470.703125	15.917969
5597.433009	1.064254	-470.703125	15.917969
5597.437006	1.580148	-470.703125	15.917969
5597.439008	1.826172	-470.703125	15.917969
5597.441011	2.059300	-470.703125	15.917969
5597.443009	2.284962	-470.703125	15.917969
5597.445008	2.507557	-470.703125	15.917969
5597.447007	2.610278	-470.703125	15.917969
5597.449008	2.604428	28.648703	0.270176
5598.426938	0.573224	-227.734375	100.390625
5598.428940	0.863301	-227.734375	100.390625
5598.430940	1.139281	-227.734375	100.390625
5598.432938	1.396775	-227.734375	100.390625
5598.434938	1.649346	-227.734375	100.390625
5598.436940	1.892139	-227.734375	100.390625
5598.438941	2.121038	-227.734375	100.390625
5598.440939	2.346567	-227.734375	100.390625
5598.442940	2.556700	-227.734375	100.390625
5598.444940	2.605101	-227.734375	100.390625
5598.446939	2.599474	28.594215	0.396146
5599.511796	0.562417	-463.964844	11.718750
5599.513797	0.853053	-463.964844	11.718750
5599.515798	1.129976	-463.964844	11.718750
5599.517798	1.387893	-463.964844	11.718750
5599.519798	1.641018	-463.964844	11.718750
5599.521799	1.884452	-463.964844	11.718750
5599.523799	2.113941	-463.964844	11.718750
5599.525798	2.339501	-463.964844	11.718750
5599.529797	2.607255	-463.964844	11.718750
5599.531799	2.601387	-463.964844	11.718750
5599.535795	2.595081	28.545893	0.340853
5600.529843	0.364810	-207.812500	148.632812
5600.531844	0.659661	-207.812500	148.632812
5600.533845	0.946083	-207.812500	148.632812
5600.535845	1.215959	-207.812500	148.632812
5600.537843	1.471943	-207.812500	148.632812
5600.539845	1.721904	-207.812500	148.632812
5600.541845	1.961506	-207.812500	148.632812
5600.543843	2.187051	-207.812500	148.632812
5600.545843	2.412199	-207.812500	148.632812
5600.547845	2.591527	-207.812500	148.632812
5600.549843	2.603443	-207.812500	148.632812
5600.551845	2.598710	28.585808	0.437125
5601.593840	0.294867	-458.496094	8.984375
5601.595844	0.592524	-458.496094	8.984375
5601.597842	0.881915	-458.496094	8.984375
5601.599842	0.894441	-458.496094	8.984375
5601.601844	1.413832	-458.496094	8.984375
5601.603842	1.665996	-458.496094	8.984375
5601.605842	1.908326	-458.496094	8.984375
5601.607842	2.136414	-458.496094	8.984375
5601.609842	2.361849	-458.496094	8.984375
5601.611842	2.567357	-458.496094	8.984375
5601.613842	2.606202	-458.496094	8.984375
5601.615843	2.600767	28.608440	0.354524
5602.627883	0.422113	-199.707031	164.550781
5602.629886	0.715384	-199.707031	164.550781
5602.631886	0.999314	-199.707031	164.550781
5602.635885	1.520336	-199.707031	164.550781
5602.637886	1.532216	-199.707031	164.550781
5602.639888	2.005198	-199.707031	164.550781
5602.643887	2.454900	-199.707031	164.550781
5602.645887	2.603732	-199.707031	164.550781
5602.647887	2.602796	-199.707031	164.550781
5602.649889	2.598279	28.581074	0.389701
5603.691921	0.735727	-439.746094	4.101562
5603.693921	1.018861	-439.746094	4.101562
5603.697920	1.538448	-439.746094	4.101562
5603.699921	1.786244	-439.746094	4.101562
5603.701922	2.021481	-439.746094	4.101562
5603.703922	2.247067	-439.746094	4.101562
5603.705930	2.470703	-439.746094	4.101562
5603.707930	2.608552	-439.746094	4.101562
5603.709932	2.604994	-439.746094	4.101562
5603.711930	2.600738	28.608112	0.332838
5604.721981	0.574698	-198.242187	172.753906
5604.723984	0.864654	-198.242187	172.753906
5604.725983	1.140526	-198.242187	172.753906
5604.727985	1.397994	-198.242187	172.753906
5604.729983	1.650532	-198.242187	172.753906
5604.731984	1.893454	-198.242187	172.753906
5604.733985	2.122265	-198.242187	172.753906
5604.735983	2.347628	-198.242187	172.753906
5604.737984	2.557844	-198.242187	172.753906
5604.739984	2.606017	-198.242187	172.753906
5604.741984	2.600444	28.604887	0.605743
5605.781967	0.290593	-439.062500	2.929687
5605.783970	0.588346	-439.062500	2.929687
5605.785968	0.877834	-439.062500	2.929687
5605.787968	1.152815	-439.062500	2.929687
5605.789970	1.410046	-439.062500	2.929687
5605.791968	1.662317	-439.062500	2.929687
5605.793968	1.904765	-439.062500	2.929687
5605.795969	2.132958	-439.062500	2.929687
5605.797968	2.358432	-439.062500	2.929687
5605.799970	2.565074	-439.062500	2.929687
5605.801969	2.605874	-439.062500	2.929687
5605.803968	2.600499	28.605492	0.409078
5606.816014	0.340684	-193.554687	201.855469
5606.818014	0.636310	-193.554687	201.855469
5606.820015	0.923688	-193.554687	201.855469
5606.822015	1.195220	-193.554687	201.855469
5606.824016	1.451446	-193.554687	201.855469
5606.826014	1.702163	-193.554687	201.855469
5606.828015	1.942881	-193.554687	201.855469
5606.832013	2.394256	-193.554687	201.855469
5606.834016	2.583956	-193.554687	201.855469
5606.836014	2.603657	-193.554687	201.855469
5606.838015	2.598715	28.585869	0.431697
5607.872081	0.465436	-444.726562	2.832031
5607.874080	0.757795	-444.726562	2.832031
5607.876081	1.039722	-444.726562	2.832031
5607.878081	1.302789	-444.726562	2.832031
5607.882080	1.804193	-444.726562	2.832031
5607.884082	2.038393	-444.726562	2.832031
5607.886086	2.264005	-444.726562	2.832031
5607.888083	2.487390	-444.726562	2.832031
5607.890083	2.608150	-444.726562	2.832031
5607.892082	2.602982	28.632803	0.427174
5608.906127	0.280958	-198.925781	197.070312
5608.908130	0.294874	-198.925781	197.070312
5608.910134	0.868734	-198.925781	197.070312
5608.912129	1.144278	-198.925781	197.070312
5608.914134	1.402121	-198.925781	197.070312
5608.916132	1.654540	-198.925781	197.070312
5608.918132	1.897111	-198.925781	197.070312
5608.920134	2.125756	-198.925781	197.070312
5608.922132	2.351162	-198.925781	197.070312
5608.924132	2.559836	-198.925781	197.070312
5608.926132	2.562171	-198.925781	197.070312
5608.928135	2.599319	28.592506	0.438902
5609.962167	0.404915	-451.074219	2.832031
5609.964169	0.698604	-451.074219	2.832031
5609.966171	0.983282	-451.074219	2.832031
5609.968169	1.250486	-451.074219	2.832031
5609.970170	1.505807	-451.074219	2.832031
5609.972170	1.754714	-451.074219	2.832031
5609.974169	1.992122	-451.074219	2.832031
5609.976169	2.217601	-451.074219	2.832031
5609.978170	2.442005	-451.074219	2.832031
5609.980168	2.601094	-451.074219	2.832031
5609.982168	2.603265	-451.074219	2.832031
5609.986167	2.595492	28.550411	0.434662
5611.002224	0.582354	-203.515625	199.707031
5611.004226	0.871969	-203.515625	199.707031
5611.006226	1.147260	-203.515625	199.707031
5611.008227	1.404537	-203.515625	199.707031
5611.010226	1.656922	-203.515625	199.707031
5611.012225	1.899481	-203.515625	199.707031
5611.014225	2.127993	-203.515625	199.707031
5611.018223	2.561381	-203.515625	199.707031
5611.020225	2.605072	-203.515625	199.707031
5611.022225	2.599597	28.595572	0.450973
5612.054234	0.485560	-444.335937	2.832031
5612.056233	0.777447	-444.335937	2.832031
5612.058234	1.058419	-444.335937	2.832031
5612.060234	1.320098	-444.335937	2.832031
5612.062234	1.574371	-444.335937	2.832031
5612.064235	1.820449	-444.335937	2.832031
5612.066234	2.053751	-444.335937	2.832031
5612.068234	2.279221	-444.335937	2.832031
5612.070235	2.501857	-444.335937	2.832031
5612.072234	2.607851	-444.335937	2.832031
5612.074236	2.601913	28.621042	0.444892
5613.093131	0.341265	-190.136719	260.351562
5613.095131	0.636849	-190.136719	260.351562
5613.097133	0.924203	-190.136719	260.351562
5613.099132	1.195706	-190.136719	260.351562
5613.101135	1.451920	-190.136719	260.351562
5613.103138	1.702686	-190.136719	260.351562
5613.105145	1.944802	-190.136719	260.351562
5613.107144	2.170640	-190.136719	260.351562
5613.109143	2.396082	-190.136719	260.351562
5613.111142	2.585090	-190.136719	260.351562
5613.113145	2.604066	-190.136719	260.351562
5613.115143	2.599091	28.589998	0.432242
5614.143257	0.342713	-438.085937	4.980469
5614.145257	0.638278	-438.085937	4.980469
5614.147258	0.925602	-438.085937	4.980469
5614.149257	1.196988	-438.085937	4.980469
5614.151258	1.453275	-438.085937	4.980469
5614.153259	1.703960	-438.085937	4.980469
5614.155258	1.944586	-438.085937	4.980469
5614.157258	2.170465	-438.085937	4.980469
5614.159259	2.396016	-438.085937	4.980469
5614.161259	2.584917	-438.085937	4.980469
5614.163258	2.603855	-438.085937	4.980469
5614.165257	2.598929	28.588219	0.405804
5615.183318	0.523919	-205.468750	232.617187
5615.185319	0.815124	-205.468750	232.617187
5615.187319	1.094269	-205.468750	232.617187
5615.189321	1.353270	-205.468750	232.617187
5615.191320	1.607308	-205.468750	232.617187
5615.193320	1.851874	-205.468750	232.617187
5615.195319	2.083267	-205.468750	232.617187
5615.197321	2.308771	-205.468750	232.617187
5615.199323	2.528559	-205.468750	232.617187
5615.205321	2.597744	-205.468750	232.617187
5615.207323	2.594868	28.543550	0.420984
5616.239245	0.773499	-452.734375	9.277344
5616.241246	1.054719	-452.734375	9.277344
5616.245245	1.570966	-452.734375	9.277344
5616.247248	1.817183	-452.734375	9.277344
5616.249248	2.050658	-452.734375	9.277344
5616.251248	2.276149	-452.734375	9.277344
5616.253247	2.498908	-452.734375	9.277344
5616.255247	2.607459	-452.734375	9.277344
5616.257246	2.601748	28.619225	0.371582
5617.273800	0.596144	-204.199219	248.632812
5617.275802	0.885103	-204.199219	248.632812
5617.279800	1.416343	-204.199219	248.632812
5617.281800	1.668331	-204.199219	248.632812
5617.283802	1.910323	-204.199219	248.632812
5617.285800	2.138185	-204.199219	248.632812
5617.287801	2.363502	-204.199219	248.632812
5617.289801	2.567595	-204.199219	248.632812
5617.295799	2.595340	-204.199219	248.632812
5617.297801	2.592857	28.521423	0.417796
5618.337756	0.524173	-438.574219	11.132812
5618.339758	0.815434	-438.574219	11.132812
5618.341758	1.094592	-438.574219	11.132812
5618.343758	1.353637	-438.574219	11.132812
5618.345760	1.607560	-438.574219	11.132812
5618.347756	1.852299	-438.574219	11.132812
5618.349758	2.083607	-438.574219	11.132812
5618.351759	2.308970	-438.574219	11.132812
5618.353757	2.528636	-438.574219	11.132812
5618.357756	2.607528	-438.574219	11.132812
5618.359757	2.597903	28.576927	0.359007
5619.363815	0.524275	-182.324219	320.898437
5619.365815	0.815437	-182.324219	320.898437
5619.367815	1.094548	-182.324219	320.898437
5619.369815	1.353541	-182.324219	320.898437
5619.371815	1.607464	-182.324219	320.898437
5619.373816	1.852050	-182.324219	320.898437
5619.375815	2.083349	-182.324219	320.898437
5619.377816	2.308695	-182.324219	320.898437
5619.379816	2.316491	-182.324219	320.898437
5619.381814	2.606909	-182.324219	320.898437
5619.383815	2.600871	28.609577	0.427883
5620.441855	0.789818	-446.484375	12.207031
5620.443861	1.070255	-446.484375	12.207031
5620.445858	1.331285	-446.484375	12.207031
5620.447859	1.585551	-446.484375	12.207031
5620.449859	1.831102	-446.484375	12.207031
5620.451858	2.063855	-446.484375	12.207031
5620.453857	2.289219	-446.484375	12.207031
5620.455859	2.511369	-446.484375	12.207031
5620.457859	2.608503	-446.484375	12.207031
5620.459857	2.602537	28.627911	0.366568
5621.453808	0.676867	-187.011719	301.074219
5621.455810	0.962367	-187.011719	301.074219
5621.457811	1.230941	-187.011719	301.074219
5621.459812	1.486356	-187.011719	301.074219
5621.461812	1.735824	-187.011719	301.074219
5621.463811	1.974302	-187.011719	301.074219
5621.465811	2.199798	-187.011719	301.074219
5621.467811	2.424565	-187.011719	301.074219
5621.469817	2.595224	-187.011719	301.074219
5621.471823	2.602184	-187.011719	301.074219
5621.473824	2.597459	28.572044	0.440544
5622.529875	0.501735	-438.476562	10.449219
5622.531878	0.793298	-438.476562	10.449219
5622.533875	1.073499	-438.476562	10.449219
5622.535877	1.334017	-438.476562	10.449219
5622.537876	1.588172	-438.476562	10.449219
5622.539877	1.833716	-438.476562	10.449219
5622.541876	1.842546	-438.476562	10.449219
5622.543876	2.291615	-438.476562	10.449219
5622.545876	2.513485	-438.476562	10.449219
5622.547878	2.609686	-438.476562	10.449219
5622.549877	2.603693	28.640629	0.395121
5623.540395	1.661406	-175.488281	324.609375
5623.544395	0.979835	-175.488281	324.609375
5623.546398	1.247102	-175.488281	324.609375
5623.548397	1.502251	-175.488281	324.609375
5623.550398	1.751125	-175.488281	324.609375
5623.552396	1.988592	-175.488281	324.609375
5623.554397	2.213905	-175.488281	324.609375
5623.556404	2.438462	-175.488281	324.609375
5623.558408	2.448254	-175.488281	324.609375
5623.560411	2.601741	-175.488281	324.609375
5623.562409	2.597192	28.569111	0.431613
5624.622497	0.437143	-435.839844	8.496094
5624.624498	0.729999	-435.839844	8.496094
5624.626499	1.013082	-435.839844	8.496094
5624.628498	1.278085	-435.839844	8.496094
5624.630499	1.532861	-435.839844	8.496094
5624.632500	1.780816	-435.839844	8.496094
5624.634499	2.016485	-435.839844	8.496094
5624.636498	2.242029	-435.839844	8.496094
5624.638499	2.276095	-435.839844	8.496094
5624.640498	2.605497	-435.839844	8.496094
5624.642498	2.602557	-435.839844	8.496094
5624.644499	2.598243	28.580675	0.392850
5625.628481	0.346968	-173.925781	312.988281
5625.630482	0.642140	-173.925781	312.988281
5625.632483	0.929069	-173.925781	312.988281
5625.634483	1.200014	-173.925781	312.988281
5625.636482	1.456074	-173.925781	312.988281
5625.638482	1.706385	-173.925781	312.988281
5625.640483	1.946883	-173.925781	312.988281
5625.642482	2.172484	-173.925781	312.988281
5625.644484	2.397961	-173.925781	312.988281
5625.646485	2.585033	-173.925781	312.988281
5625.648485	2.602580	-173.925781	312.988281
5625.650482	2.597688	28.574570	0.418539
5626.716545	0.880685	-428.808594	6.250000
5626.718546	1.155358	-428.808594	6.250000
5626.720547	1.412452	-428.808594	6.250000
5626.722547	1.664578	-428.808594	6.250000
5626.724547	1.906854	-428.808594	6.250000
5626.726546	2.134861	-428.808594	6.250000
5626.728547	2.360276	-428.808594	6.250000
5626.730546	2.565979	-428.808594	6.250000
5626.732547	2.605216	-428.808594	6.250000
5626.734546	2.599819	28.598011	0.370390
5627.718549	0.280282	-170.996094	300.976562
5627.720552	0.578213	-170.996094	300.976562
5627.722552	0.867810	-170.996094	300.976562
5627.724552	1.143265	-170.996094	300.976562
5627.726552	1.400558	-170.996094	300.976562
5627.728551	1.410142	-170.996094	300.976562
5627.730552	1.895494	-170.996094	300.976562
5627.732552	2.124163	-170.996094	300.976562
5627.734552	2.349482	-170.996094	300.976562
5627.736552	2.558352	-170.996094	300.976562
5627.738552	2.603918	-170.996094	300.976562
5627.740553	2.598421	28.582634	0.403377
5628.806601	0.445154	-400.488281	1.367187
5628.808609	0.737890	-400.488281	1.367187
5628.810608	1.021227	-400.488281	1.367187
5628.812607	1.285600	-400.488281	1.367187
5628.814608	1.540254	-400.488281	1.367187
5628.816607	1.787864	-400.488281	1.367187
5628.818608	2.023109	-400.488281	1.367187
5628.820607	2.248616	-400.488281	1.367187
5628.824628	2.607355	-400.488281	1.367187
5628.828630	2.599045	-400.488281	1.367187
5628.830629	2.595983	28.555817	0.357014
5629.816649	0.500387	-165.625000	305.859375
5629.818651	0.791833	-165.625000	305.859375
5629.820650	1.072001	-165.625000	305.859375
5629.822651	1.332526	-165.625000	305.859375
5629.826649	1.832010	-165.625000	305.859375
5629.828652	2.064470	-165.625000	305.859375
5629.830652	2.289802	-165.625000	305.859375
5629.832651	2.511614	-165.625000	305.859375
5629.834652	2.607105	-165.625000	305.859375
5629.836650	2.601084	28.611923	0.366211
5630.894689	0.541751	-395.800781	-2.734375
5630.896691	0.832663	-395.800781	-2.734375
5630.898693	1.110763	-395.800781	-2.734375
5630.900692	1.368751	-395.800781	-2.734375
5630.904689	1.866410	-395.800781	-2.734375
5630.906691	1.874295	-395.800781	-2.734375
5630.908692	2.322297	-395.800781	-2.734375
5630.910692	2.539316	-395.800781	-2.734375
5630.912692	2.606895	-395.800781	-2.734375
5630.914692	2.600915	28.610062	0.472271
5631.916720	2.739035	-162.402344	330.078125
5631.918722	0.916115	-162.402344	330.078125
5631.920721	1.188060	-162.402344	330.078125
5631.922721	1.444385	-162.402344	330.078125
5631.924721	1.695287	-162.402344	330.078125
5631.926721	1.706389	-162.402344	330.078125
5631.928722	2.162402	-162.402344	330.078125
5631.930721	2.387830	-162.402344	330.078125
5631.932721	2.580597	-162.402344	330.078125
5631.934720	2.603350	-162.402344	330.078125
5631.936721	2.598383	28.582218	0.817685
5632.980739	0.415674	-383.886719	-4.492187
5632.982741	0.708901	-383.886719	-4.492187
5632.984741	0.992957	-383.886719	-4.492187
5632.988740	1.514184	-383.886719	-4.492187
5632.990741	1.762879	-383.886719	-4.492187
5632.992742	1.999445	-383.886719	-4.492187
5632.994741	2.224990	-383.886719	-4.492187
5632.996741	2.232146	-383.886719	-4.492187
5632.998741	2.601953	-383.886719	-4.492187
5633.000742	2.602221	-383.886719	-4.492187
5633.002741	2.597690	28.574585	0.390439
5634.016802	0.829241	-160.742187	355.371094
5634.018804	1.107492	-160.742187	355.371094
5634.022801	1.619271	-160.742187	355.371094
5634.024804	1.863333	-160.742187	355.371094
5634.026803	2.094018	-160.742187	355.371094
5634.028803	2.319221	-160.742187	355.371094
5634.030801	2.536828	-160.742187	355.371094
5634.032803	2.606491	-160.742187	355.371094
5634.034803	2.600539	28.605934	0.378533
5635.066854	0.523376	-382.519531	-2.246094
5635.068855	0.814463	-382.519531	-2.246094
5635.070856	1.093563	-382.519531	-2.246094
5635.072856	1.352620	-382.519531	-2.246094
5635.074856	1.606464	-382.519531	-2.246094
5635.076856	1.851018	-382.519531	-2.246094
5635.078857	2.082507	-382.519531	-2.246094
5635.080856	2.307826	-382.519531	-2.246094
5635.082856	2.527435	-382.519531	-2.246094
5635.084855	2.606750	-382.519531	-2.246094
5635.086856	2.600842	28.609264	0.402846
5636.104886	0.479966	-180.957031	308.593750
5636.106888	0.771814	-180.957031	308.593750
5636.108889	1.052844	-180.957031	308.593750
5636.110889	1.314784	-180.957031	308.593750
5636.112888	1.568957	-180.957031	308.593750
5636.114889	1.815508	-180.957031	308.593750
5636.116891	2.048901	-180.957031	308.593750
5636.118889	2.274369	-180.957031	308.593750
5636.120890	2.497187	-180.957031	308.593750
5636.122888	2.606832	-180.957031	308.593750
5636.124890	2.601115	28.612259	0.382066
5637.157813	0.814512	-403.613281	1.269531
5637.159816	1.093633	-403.613281	1.269531
5637.163814	1.606381	-403.613281	1.269531
5637.165817	1.851056	-403.613281	1.269531
5637.167815	2.082485	-403.613281	1.269531
5637.169816	2.307794	-403.613281	1.269531
5637.171815	2.527776	-403.613281	1.269531
5637.173816	2.609103	-403.613281	1.269531
5637.175816	2.603094	28.634035	0.359909
5638.195846	0.547120	-169.140625	363.574219
5638.197847	0.837802	-169.140625	363.574219
5638.199847	1.115487	-169.140625	363.574219
5638.201848	1.373391	-169.140625	363.574219
5638.203848	1.626806	-169.140625	363.574219
5638.205850	1.870559	-169.140625	363.574219
5638.207848	2.100634	-169.140625	363.574219
5638.209848	2.326108	-169.140625	363.574219
5638.211847	2.333597	-169.140625	363.574219
5638.213848	2.606907	-169.140625	363.574219
5638.215848	2.601020	28.611216	0.445522
5639.245882	0.535982	-401.855469	4.003906
5639.247884	0.826831	-401.855469	4.003906
5639.249884	1.105263	-401.855469	4.003906
5639.251884	1.363476	-401.855469	4.003906
5639.253884	1.617152	-401.855469	4.003906
5639.255885	1.861324	-401.855469	4.003906
5639.257885	2.092146	-401.855469	4.003906
5639.259885	2.317490	-401.855469	4.003906
5639.261885	2.535583	-401.855469	4.003906
5639.263893	2.606517	-401.855469	4.003906
5639.265898	2.600564	28.606199	0.404899
5640.283970	0.348649	-174.609375	356.445312
5640.285973	0.643795	-174.609375	356.445312
5640.287973	0.930693	-174.609375	356.445312
5640.291972	1.457719	-174.609375	356.445312
5640.293973	1.708028	-174.609375	356.445312
5640.295978	1.949060	-174.609375	356.445312
5640.297978	2.174736	-174.609375	356.445312
5640.299979	2.400135	-174.609375	356.445312
5640.301977	2.586083	-174.609375	356.445312
5640.303978	2.602657	-174.609375	356.445312
5640.305978	2.597731	28.575039	0.353583
5641.342000	0.833202	-398.535156	7.031250
5641.344003	1.111277	-398.535156	7.031250
5641.346003	1.369241	-398.535156	7.031250
5641.348003	1.622744	-398.535156	7.031250
5641.350003	1.866753	-398.535156	7.031250
5641.352003	2.097124	-398.535156	7.031250
5641.354002	2.322505	-398.535156	7.031250
5641.356003	2.539380	-398.535156	7.031250
5641.358003	2.606749	-398.535156	7.031250
5641.360003	2.600766	28.608423	0.410305
5642.378050	0.798885	-175.097656	360.839844
5642.380051	1.078685	-175.097656	360.839844
5642.382051	1.338697	-175.097656	360.839844
5642.384052	1.592704	-175.097656	360.839844
5642.388051	2.069897	-175.097656	360.839844
5642.390053	2.295398	-175.097656	360.839844
5642.392053	2.516551	-175.097656	360.839844
5642.394054	2.606102	-175.097656	360.839844
5642.396054	2.600133	28.601467	0.343472
5643.432604	0.322551	-386.132812	6.640625
5643.434606	0.334548	-386.132812	6.640625
5643.436607	0.906759	-386.132812	6.640625
5643.438606	1.179378	-386.132812	6.640625
5643.440607	1.435960	-386.132812	6.640625
5643.442606	1.687186	-386.132812	6.640625
5643.444607	1.928412	-386.132812	6.640625
5643.446607	2.155230	-386.132812	6.640625
5643.448606	2.380627	-386.132812	6.640625
5643.450606	2.577078	-386.132812	6.640625
5643.452607	2.603619	-386.132812	6.640625
5643.456605	2.595087	28.545952	0.350707
5644.466585	0.434827	-175.488281	362.011719
5644.468587	0.727541	-175.488281	362.011719
5644.470589	1.010611	-175.488281	362.011719
5644.472588	1.275622	-175.488281	362.011719
5644.474588	1.530195	-175.488281	362.011719
5644.476588	1.778126	-175.488281	362.011719
5644.478589	2.013838	-175.488281	362.011719
5644.480588	2.239134	-175.488281	362.011719
5644.482588	2.462931	-175.488281	362.011719
5644.488586	2.596355	-175.488281	362.011719
5644.490588	2.593260	-175.488281	362.011719
5644.492589	2.591017	28.501183	0.372053
5645.528568	0.751801	-404.199219	7.519531
5645.530571	1.033897	-404.199219	7.519531
5645.532570	1.297120	-404.199219	7.519531
5645.534570	1.551570	-404.199219	7.519531
5645.536570	1.798575	-404.199219	7.519531
5645.538571	2.033070	-404.199219	7.519531
5645.540573	2.258723	-404.199219	7.519531
5645.544570	2.606123	-404.199219	7.519531
5645.546572	2.601204	-404.199219	7.519531
5645.548571	2.596998	28.566975	0.334594
5646.558536	0.576955	-171.777344	376.171875
5646.560538	0.866617	-171.777344	376.171875
5646.562538	1.142091	-171.777344	376.171875
5646.564538	1.399328	-171.777344	376.171875
5646.566538	1.651713	-171.777344	376.171875
5646.568539	1.894355	-171.777344	376.171875
5646.570537	2.123125	-171.777344	376.171875
5646.572539	2.348421	-171.777344	376.171875
5646.574541	2.557825	-171.777344	376.171875
5646.576549	2.604216	-171.777344	376.171875
5646.578549	2.598855	28.587402	0.372296
5647.618598	0.384499	-389.746094	6.445312
5647.620600	0.678525	-389.746094	6.445312
5647.622601	0.963926	-389.746094	6.445312
5647.624600	1.232320	-389.746094	6.445312
5647.626600	1.487850	-389.746094	6.445312
5647.628600	1.737305	-389.746094	6.445312
5647.630601	1.975644	-389.746094	6.445312
5647.632601	2.201070	-389.746094	6.445312
5647.634600	2.425955	-389.746094	6.445312
5647.636602	2.595936	-389.746094	6.445312
5647.638601	2.602560	-389.746094	6.445312
5647.640601	2.597855	28.576403	0.324900
5648.648658	0.292164	-170.214844	382.031250
5648.650659	0.589405	-170.214844	382.031250
5648.652662	0.878577	-170.214844	382.031250
5648.654660	1.153133	-170.214844	382.031250
5648.656663	1.410670	-170.214844	382.031250
5648.658663	1.662682	-170.214844	382.031250
5648.660664	1.904821	-170.214844	382.031250
5648.662664	2.132894	-170.214844	382.031250
5648.664665	2.358250	-170.214844	382.031250
5648.666663	2.563998	-170.214844	382.031250
5648.668665	2.603661	-170.214844	382.031250
5648.670663	2.598318	28.581499	0.365559
5649.708738	0.482557	-397.558594	6.542969
5649.710738	0.774230	-397.558594	6.542969
5649.712740	1.055198	-397.558594	6.542969
5649.714739	1.317010	-397.558594	6.542969
5649.716739	1.571250	-397.558594	6.542969
5649.718739	1.817390	-397.558594	6.542969
5649.722739	2.276072	-397.558594	6.542969
5649.724742	2.498945	-397.558594	6.542969
5649.726740	2.606325	-397.558594	6.542969
5649.728740	2.600501	28.605507	0.323779
5650.743285	0.677728	-174.707031	365.332031
5650.745287	0.962990	-174.707031	365.332031
5650.747288	1.231378	-174.707031	365.332031
5650.751287	1.736088	-174.707031	365.332031
5650.753289	1.974659	-174.707031	365.332031
5650.755288	2.200031	-174.707031	365.332031
5650.757287	2.424747	-174.707031	365.332031
5650.759289	2.594775	-174.707031	365.332031
5650.761287	2.601526	-174.707031	365.332031
5650.763288	2.596796	28.564751	0.352131
5651.797316	0.270889	-396.093750	5.957031
5651.801317	0.859068	-396.093750	5.957031
5651.803318	1.135185	-396.093750	5.957031
5651.805318	1.392615	-396.093750	5.957031
5651.807318	1.645212	-396.093750	5.957031
5651.809317	1.888221	-396.093750	5.957031
5651.811318	2.117308	-396.093750	5.957031
5651.813318	2.342628	-396.093750	5.957031
5651.815319	2.553872	-396.093750	5.957031
5651.817317	2.604293	-396.093750	5.957031
5651.819317	2.598670	28.585373	0.325329
5652.833268	0.527376	-177.441406	349.218750
5652.835269	0.818259	-177.441406	349.218750
5652.837268	1.097102	-177.441406	349.218750
5652.839269	1.355709	-177.441406	349.218750
5652.841270	1.609458	-177.441406	349.218750
5652.843269	1.853859	-177.441406	349.218750
5652.845269	2.084945	-177.441406	349.218750
5652.847269	2.310364	-177.441406	349.218750
5652.849269	2.529375	-177.441406	349.218750
5652.851269	2.605688	-177.441406	349.218750
5652.853269	2.599715	28.596867	0.346921
5653.887266	0.344616	-377.246094	3.613281
5653.889268	0.639897	-377.246094	3.613281
5653.893267	1.198009	-377.246094	3.613281
5653.895268	1.454100	-377.246094	3.613281
5653.897268	1.704676	-377.246094	3.613281
5653.899266	1.713280	-377.246094	3.613281
5653.901267	2.170852	-377.246094	3.613281
5653.903268	2.396383	-377.246094	3.613281
5653.905268	2.584525	-377.246094	3.613281
5653.907267	2.602964	-377.246094	3.613281
5653.909267	2.598093	28.579025	0.313144
5654.927307	0.962835	-174.316406	346.875000
5654.929309	1.231206	-174.316406	346.875000
5654.931308	1.486705	-174.316406	346.875000
5654.933308	1.736038	-174.316406	346.875000
5654.935311	1.974420	-174.316406	346.875000
5654.937309	2.199888	-174.316406	346.875000
5654.939310	2.424560	-174.316406	346.875000
5654.941308	2.594558	-174.316406	346.875000
5654.943309	2.601352	-174.316406	346.875000
5654.945310	2.596691	28.563597	0.321059
5655.977315	0.431591	-371.972656	1.074219
5655.979315	0.724356	-371.972656	1.074219
5655.981316	1.007586	-371.972656	1.074219
5655.983316	1.272878	-371.972656	1.074219
5655.985317	1.527513	-371.972656	1.074219
5655.987316	1.775583	-371.972656	1.074219
5655.989317	2.011463	-371.972656	1.074219
5655.991317	2.236856	-371.972656	1.074219
5655.993316	2.460663	-371.972656	1.074219
5655.995318	2.603717	-371.972656	1.074219
5655.997318	2.601471	-371.972656	1.074219
5655.999322	2.597086	28.567947	0.295358
5657.013419	0.478930	-166.210937	355.273437
5657.017419	1.051722	-166.210937	355.273437
5657.019421	1.313617	-166.210937	355.273437
5657.021421	1.567705	-166.210937	355.273437
5657.023421	1.813970	-166.210937	355.273437
5657.025421	2.047440	-166.210937	355.273437
5657.027420	2.272858	-166.210937	355.273437
5657.031419	2.606720	-166.210937	355.273437
5657.033428	2.601143	-166.210937	355.273437
5657.035425	2.600777	28.608549	0.294542
5658.069387	0.733355	-375.781250	-2.246094
5658.073387	1.280691	-375.781250	-2.246094
5658.077387	1.782938	-375.781250	-2.246094
5658.079388	2.018302	-375.781250	-2.246094
5658.081387	2.243764	-375.781250	-2.246094
5658.083395	2.467307	-375.781250	-2.246094
5658.085399	2.605331	-375.781250	-2.246094
5658.087400	2.601937	-375.781250	-2.246094
5658.089400	2.597702	28.574720	0.292887
5659.101359	0.324587	-153.320312	391.406250
5659.103362	0.620554	-153.320312	391.406250
5659.105362	0.908315	-153.320312	391.406250
5659.107361	1.180721	-153.320312	391.406250
5659.111359	1.688209	-153.320312	391.406250
5659.115359	2.155991	-153.320312	391.406250
5659.117360	2.381323	-153.320312	391.406250
5659.121358	2.602991	-153.320312	391.406250
5659.123360	2.597939	-153.320312	391.406250
5659.125361	2.594419	28.538614	0.282944
5660.161402	0.506921	-368.750000	-6.152344
5660.163404	0.798125	-368.750000	-6.152344
5660.165405	1.077910	-368.750000	-6.152344
5660.167403	1.338045	-368.750000	-6.152344
5660.169402	1.591920	-368.750000	-6.152344
5660.171405	1.837114	-368.750000	-6.152344
5660.173403	2.069280	-368.750000	-6.152344
5660.175404	2.294417	-368.750000	-6.152344
5660.177404	2.515818	-368.750000	-6.152344
5660.181403	2.600353	-368.750000	-6.152344
5660.185401	2.593644	28.530088	0.303163
5661.189402	0.418473	-150.390625	396.093750
5661.191403	0.711449	-150.390625	396.093750
5661.193404	0.995193	-150.390625	396.093750
5661.195405	1.261216	-150.390625	396.093750
5661.197404	1.516038	-150.390625	396.093750
5661.199403	1.764344	-150.390625	396.093750
5661.201404	2.000859	-150.390625	396.093750
5661.203403	2.226253	-150.390625	396.093750
5661.205404	2.450233	-150.390625	396.093750
5661.207404	2.601168	-150.390625	396.093750
5661.209406	2.600760	-150.390625	396.093750
5661.211404	2.596189	28.558084	0.277427
5662.253471	0.282117	-343.359375	-6.640625
5662.255471	0.579835	-343.359375	-6.640625
5662.257475	0.869273	-343.359375	-6.640625
5662.259472	1.144573	-343.359375	-6.640625
5662.261473	1.401756	-343.359375	-6.640625
5662.263473	1.654008	-343.359375	-6.640625
5662.265473	1.896570	-343.359375	-6.640625
5662.269472	2.350301	-343.359375	-6.640625
5662.271472	2.558767	-343.359375	-6.640625
5662.273473	2.603343	-343.359375	-6.640625
5662.275474	2.597778	28.575562	0.338306
5663.277492	0.739538	-160.156250	360.156250
5663.279494	1.021991	-160.156250	360.156250
5663.281495	1.286103	-160.156250	360.156250
5663.283496	1.540428	-160.156250	360.156250
5663.285496	1.787841	-160.156250	360.156250
5663.287493	2.022907	-160.156250	360.156250
5663.289495	2.248177	-160.156250	360.156250
5663.293502	2.604921	-160.156250	360.156250
5663.295504	2.600754	-160.156250	360.156250
5663.297503	2.596373	28.560106	0.304838
5664.351457	0.559146	-344.140625	-3.808594
5664.353458	0.849437	-344.140625	-3.808594
5664.355458	1.126161	-344.140625	-3.808594
5664.357459	1.383713	-344.140625	-3.808594
5664.359458	1.636646	-344.140625	-3.808594
5664.361459	1.879966	-344.140625	-3.808594
5664.363460	2.109461	-344.140625	-3.808594
5664.365458	2.334782	-344.140625	-3.808594
5664.367459	2.548334	-344.140625	-3.808594
5664.369459	2.605136	-344.140625	-3.808594
5664.371459	2.599325	28.592577	0.316442
5665.363495	0.457788	-148.242187	407.714844
5665.365496	0.749852	-148.242187	407.714844
5665.367497	1.031766	-148.242187	407.714844
5665.369497	1.295109	-148.242187	407.714844
5665.373494	1.796378	-148.242187	407.714844
5665.375495	2.030886	-148.242187	407.714844
5665.377495	2.256149	-148.242187	407.714844
5665.379496	2.479285	-148.242187	407.714844
5665.381497	2.604505	-148.242187	407.714844
5665.383495	2.599630	28.595928	0.292939
5666.445493	0.629472	-344.726562	-0.683594
5666.447497	0.916918	-344.726562	-0.683594
5666.449506	1.189238	-344.726562	-0.683594
5666.451508	1.446866	-344.726562	-0.683594
5666.453508	1.697708	-344.726562	-0.683594
5666.455507	1.938416	-344.726562	-0.683594
5666.457510	2.164614	-344.726562	-0.683594
5666.459510	2.390025	-344.726562	-0.683594
5666.461508	2.581556	-344.726562	-0.683594
5666.463508	2.602938	-344.726562	-0.683594
5666.465509	2.597910	28.577015	0.295135
5667.451556	0.701613	-155.664062	389.453125
5667.453559	0.985795	-155.664062	389.453125
5667.455557	1.252443	-155.664062	389.453125
5667.457558	1.507317	-155.664062	389.453125
5667.459558	1.755860	-155.664062	389.453125
5667.461557	1.992951	-155.664062	389.453125
5667.463558	2.218247	-155.664062	389.453125
5667.465558	2.442363	-155.664062	389.453125
5667.467557	2.599170	-155.664062	389.453125
5667.469559	2.600517	-155.664062	389.453125
5667.473557	2.592822	28.521040	0.309692
5668.535578	0.493402	-350.195312	1.757812
5668.537580	0.784900	-350.195312	1.757812
5668.539580	1.065344	-350.195312	1.757812
5668.541580	1.326290	-350.195312	1.757812
5668.543580	1.580386	-350.195312	1.757812
5668.545581	1.826092	-350.195312	1.757812
5668.547580	2.058945	-350.195312	1.757812
5668.549582	2.284408	-350.195312	1.757812
5668.551580	2.506526	-350.195312	1.757812
5668.553580	2.606102	-350.195312	1.757812
5668.555580	2.600199	28.602194	0.265979
5669.541625	0.713760	-150.683594	412.890625
5669.543626	0.997303	-150.683594	412.890625
5669.545627	1.263195	-150.683594	412.890625
5669.547627	1.517860	-150.683594	412.890625
5669.549627	1.766050	-150.683594	412.890625
5669.551627	2.002492	-150.683594	412.890625
5669.553627	2.227830	-150.683594	412.890625
5669.555627	2.451665	-150.683594	412.890625
5669.557625	2.601090	-150.683594	412.890625
5669.559627	2.600355	-150.683594	412.890625
5669.561625	2.595791	28.553699	0.298731
5670.625666	0.508733	-356.542969	4.003906
5670.627668	0.799990	-356.542969	4.003906
5670.631665	1.339667	-356.542969	4.003906
5670.633669	1.593591	-356.542969	4.003906
5670.635669	1.838747	-356.542969	4.003906
5670.637668	2.070790	-356.542969	4.003906
5670.639667	2.296131	-356.542969	4.003906
5670.641672	2.517280	-356.542969	4.003906
5670.643678	2.606330	-356.542969	4.003906
5670.645684	2.600371	28.604080	0.255652
5671.635742	0.790815	-134.179687	470.703125
5671.637746	1.070865	-134.179687	470.703125
5671.639744	1.331413	-134.179687	470.703125
5671.641745	1.585289	-134.179687	470.703125
5671.643745	1.830670	-134.179687	470.703125
5671.645744	2.063046	-134.179687	470.703125
5671.647745	2.288386	-134.179687	470.703125
5671.649745	2.510166	-134.179687	470.703125
5671.651745	2.605756	-134.179687	470.703125
5671.653744	2.599771	28.597479	0.283305
5672.711788	0.316476	-363.574219	3.906250
5672.715789	0.900844	-363.574219	3.906250
5672.717792	1.173833	-363.574219	3.906250
5672.719794	1.430413	-363.574219	3.906250
5672.721791	1.681765	-363.574219	3.906250
5672.723791	1.923195	-363.574219	3.906250
5672.725791	2.150188	-363.574219	3.906250
5672.727790	2.375575	-363.574219	3.906250
5672.729790	2.574026	-363.574219	3.906250
5672.731791	2.576017	-363.574219	3.906250
5672.733792	2.597806	28.575871	0.263432
5673.725824	0.358102	-146.972656	443.847656
5673.727825	0.652713	-146.972656	443.847656
5673.729825	0.938986	-146.972656	443.847656
5673.731826	1.209030	-146.972656	443.847656
5673.733826	1.464831	-146.972656	443.847656
5673.735825	1.714853	-146.972656	443.847656
5673.737827	1.954571	-146.972656	443.847656
5673.739826	2.180046	-146.972656	443.847656
5673.741825	2.405175	-146.972656	443.847656
5673.743826	2.587406	-146.972656	443.847656
5673.745826	2.601327	-146.972656	443.847656
5673.747825	2.596418	28.560602	0.268235
5674.799866	0.414814	-373.046875	4.199219
5674.801868	0.707830	-373.046875	4.199219
5674.803868	0.991794	-373.046875	4.199219
5674.805869	1.258128	-373.046875	4.199219
5674.807869	1.513016	-373.046875	4.199219
5674.809869	1.761585	-373.046875	4.199219
5674.811869	1.998232	-373.046875	4.199219
5674.813871	2.223676	-373.046875	4.199219
5674.815869	2.447753	-373.046875	4.199219
5674.817868	2.600806	-373.046875	4.199219
5674.819869	2.601104	-373.046875	4.199219
5674.821869	2.596514	28.561657	0.270049
5675.819858	0.427855	-155.175781	428.710937
5675.821859	0.720550	-155.175781	428.710937
5675.823859	1.003758	-155.175781	428.710937
5675.825860	1.269183	-155.175781	428.710937
5675.827859	1.523811	-155.175781	428.710937
5675.829861	1.771864	-155.175781	428.710937
5675.831859	2.007830	-155.175781	428.710937
5675.833859	2.233082	-155.175781	428.710937
5675.835859	2.457002	-155.175781	428.710937
5675.837860	2.602023	-155.175781	428.710937
5675.839860	2.600270	-155.175781	428.710937
5675.841859	2.595796	28.553753	0.273801
5676.889820	0.783930	-370.019531	4.296875
5676.891822	1.064343	-370.019531	4.296875
5676.893822	1.325352	-370.019531	4.296875
5676.895823	1.579354	-370.019531	4.296875
5676.897826	1.825125	-370.019531	4.296875
5676.899822	2.057966	-370.019531	4.296875
5676.901824	2.283185	-370.019531	4.296875
5676.903823	2.505504	-370.019531	4.296875
5676.905822	2.605841	-370.019531	4.296875
5676.907823	2.599974	28.599710	0.274564
5677.916359	0.781086	-143.554687	468.261719
5677.918362	1.061673	-143.554687	468.261719
5677.920362	1.322796	-143.554687	468.261719
5677.922363	1.576797	-143.554687	468.261719
5677.924359	1.822495	-143.554687	468.261719
5677.926362	2.055537	-143.554687	468.261719
5677.928360	2.280768	-143.554687	468.261719
5677.930362	2.503215	-143.554687	468.261719
5677.932360	2.606309	-143.554687	468.261719
5677.934360	2.600472	28.605188	0.275439
5678.976449	0.517270	-371.484375	4.296875
5678.978452	0.808218	-371.484375	4.296875
5678.980454	1.088300	-371.484375	4.296875
5678.982455	1.347457	-371.484375	4.296875
5678.984456	1.601269	-371.484375	4.296875
5678.986455	1.846015	-371.484375	4.296875
5678.988455	2.077584	-371.484375	4.296875
5678.990456	2.302794	-371.484375	4.296875
5678.992455	2.523022	-371.484375	4.296875
5678.994454	2.605267	-371.484375	4.296875
5678.996455	2.599258	28.591843	0.285931
5680.007348	0.401989	-138.769531	485.546875
5680.009349	0.695349	-138.769531	485.546875
5680.011349	0.979818	-138.769531	485.546875
5680.013349	1.246925	-138.769531	485.546875
5680.015349	1.502030	-138.769531	485.546875
5680.017348	1.750851	-138.769531	485.546875
5680.019349	1.988183	-138.769531	485.546875
5680.021348	2.213567	-138.769531	485.546875
5680.023349	2.437943	-138.769531	485.546875
5680.025349	2.598075	-138.769531	485.546875
5680.027349	2.600675	-138.769531	485.546875
5680.031347	2.595882	28.554701	0.276738
5681.065421	0.517787	-362.597656	3.417969
5681.067424	0.808817	-362.597656	3.417969
5681.069423	1.088048	-362.597656	3.417969
5681.071423	1.347273	-362.597656	3.417969
5681.073423	1.601108	-362.597656	3.417969
5681.075424	1.845771	-362.597656	3.417969
5681.077423	2.077354	-362.597656	3.417969
5681.079424	2.302789	-362.597656	3.417969
5681.081423	2.522901	-362.597656	3.417969
5681.083425	2.605699	-362.597656	3.417969
5681.085424	2.599684	28.596529	0.266267
5682.099488	0.644822	-162.011719	416.894531
5682.101488	0.931440	-162.011719	416.894531
5682.103488	1.202110	-162.011719	416.894531
5682.105490	1.458056	-162.011719	416.894531
5682.107489	1.708279	-162.011719	416.894531
5682.109490	1.948509	-162.011719	416.894531
5682.111489	2.174073	-162.011719	416.894531
5682.113490	2.399314	-162.011719	416.894531
5682.115488	2.585214	-162.011719	416.894531
5682.117489	2.601644	-162.011719	416.894531
5682.119489	2.596699	28.563694	0.281862
5683.153499	0.312583	-374.902344	3.808594
5683.155502	0.608907	-374.902344	3.808594
5683.157502	0.897153	-374.902344	3.808594
5683.159503	1.170342	-374.902344	3.808594
5683.161503	1.426905	-374.902344	3.808594
5683.163503	1.678367	-374.902344	3.808594
5683.165512	1.920019	-374.902344	3.808594
5683.169514	2.373783	-374.902344	3.808594
5683.171518	2.572809	-374.902344	3.808594
5683.173516	2.574826	-374.902344	3.808594
5683.175517	2.597285	28.570137	0.272528
5684.189553	0.507141	-140.527344	479.980469
5684.191556	0.798262	-140.527344	479.980469
5684.193555	0.808312	-140.527344	479.980469
5684.195556	1.337941	-140.527344	479.980469
5684.197555	1.591832	-140.527344	479.980469
5684.199556	1.836917	-140.527344	479.980469
5684.201562	2.068994	-140.527344	479.980469
5684.203563	2.295152	-140.527344	479.980469
5684.205564	2.516286	-140.527344	479.980469
5684.207563	2.605649	-140.527344	479.980469
5684.209563	2.599668	28.596344	0.282505
5685.245566	0.621601	-351.953125	2.929687
5685.249564	1.181563	-351.953125	2.929687
5685.251568	1.437877	-351.953125	2.929687
5685.253568	1.688922	-351.953125	2.929687
5685.255568	1.930025	-351.953125	2.929687
5685.257566	2.156510	-351.953125	2.929687
5685.259566	2.381775	-351.953125	2.929687
5685.261568	2.577132	-351.953125	2.929687
5685.263566	2.602421	-351.953125	2.929687
5685.265569	2.597300	28.570297	0.267227
5686.279602	0.440991	-141.992187	471.972656
5686.281603	0.733382	-141.992187	471.972656
5686.283602	1.016090	-141.992187	471.972656
5686.285604	1.280560	-141.992187	471.972656
5686.287604	1.535000	-141.992187	471.972656
5686.289603	1.782606	-141.992187	471.972656
5686.293602	2.243225	-141.992187	471.972656
5686.295602	2.466683	-141.992187	471.972656
5686.297605	2.603748	-141.992187	471.972656
5686.299603	2.600533	-141.992187	471.972656
5686.301604	2.596113	28.557243	0.267116
5687.335680	0.564397	-349.121094	2.636719
5687.337681	0.854443	-349.121094	2.636719
5687.339683	1.130718	-349.121094	2.636719
5687.341683	1.388143	-349.121094	2.636719
5687.343682	1.640920	-349.121094	2.636719
5687.345682	1.883912	-349.121094	2.636719
5687.347683	2.113157	-349.121094	2.636719
5687.349682	2.338359	-349.121094	2.636719
5687.351683	2.550617	-349.121094	2.636719
5687.353682	2.603826	-349.121094	2.636719
5687.355683	2.598035	28.578388	0.450754
5688.369717	0.384927	-145.019531	465.625000
5688.371718	0.678639	-145.019531	465.625000
5688.375716	1.232111	-145.019531	465.625000
5688.377719	1.487396	-145.019531	465.625000
5688.379719	1.736654	-145.019531	465.625000
5688.381719	1.974940	-145.019531	465.625000
5688.383718	2.200362	-145.019531	465.625000
5688.385719	2.424958	-145.019531	465.625000
5688.389716	2.601110	-145.019531	465.625000
5688.391718	2.596435	-145.019531	465.625000
5688.393719	2.593184	28.525021	0.262246
5689.425746	0.501523	-348.828125	2.246094
5689.427747	0.792761	-348.828125	2.246094
5689.429748	1.072693	-348.828125	2.246094
5689.431748	1.333053	-348.828125	2.246094
5689.433753	1.587194	-348.828125	2.246094
5689.435756	1.833241	-348.828125	2.246094
5689.437758	2.065530	-348.828125	2.246094
5689.439755	2.290782	-348.828125	2.246094
5689.443755	2.605710	-348.828125	2.246094
5689.445756	2.599900	-348.828125	2.246094
5689.447756	2.595916	28.555071	0.251302
5690.459789	0.471844	-149.707031	452.343750
5690.461792	0.763641	-149.707031	452.343750
5690.465790	1.307135	-149.707031	452.343750
5690.467792	1.561325	-149.707031	452.343750
5690.469791	1.807681	-149.707031	452.343750
5690.471790	2.041468	-149.707031	452.343750
5690.473793	2.266745	-149.707031	452.343750
5690.475795	2.489721	-149.707031	452.343750
5690.477800	2.605463	-149.707031	452.343750
5690.479804	2.599934	28.599270	0.259660
5691.515865	0.522647	-358.203125	3.027344
5691.517867	0.813463	-358.203125	3.027344
5691.519868	1.092463	-358.203125	3.027344
5691.521867	1.351387	-358.203125	3.027344
5691.523868	1.605091	-358.203125	3.027344
5691.525867	1.849727	-358.203125	3.027344
5691.527868	2.080902	-358.203125	3.027344
5691.529867	2.306169	-358.203125	3.027344
5691.531868	2.525693	-358.203125	3.027344
5691.533868	2.605029	-358.203125	3.027344
5691.535866	2.599086	28.589947	0.269084
5692.548788	0.477768	-160.937500	422.558594
5692.550789	0.769394	-160.937500	422.558594
5692.552790	1.050422	-160.937500	422.558594
5692.554789	1.312356	-160.937500	422.558594
5692.556789	1.566485	-160.937500	422.558594
5692.558789	1.812678	-160.937500	422.558594
5692.560789	2.046226	-160.937500	422.558594
5692.564786	2.494357	-160.937500	422.558594
5692.566790	2.604979	-160.937500	422.558594
5692.568789	2.599361	28.592968	0.276269
5693.606800	0.436821	-340.234375	3.027344
5693.608801	0.729371	-340.234375	3.027344
5693.610800	1.012258	-340.234375	3.027344
5693.612801	1.277089	-340.234375	3.027344
5693.614800	1.531670	-340.234375	3.027344
5693.616801	1.779413	-340.234375	3.027344
5693.618800	2.014968	-340.234375	3.027344
5693.620801	2.240303	-340.234375	3.027344
5693.622800	2.463830	-340.234375	3.027344
5693.624803	2.603308	-340.234375	3.027344
5693.626811	2.600307	-340.234375	3.027344
5693.628812	2.595870	28.554567	0.254069
5694.636852	0.268052	-134.960937	491.992187
5694.638852	0.566329	-134.960937	491.992187
5694.640853	0.856251	-134.960937	491.992187
5694.642854	1.132360	-134.960937	491.992187
5694.644853	1.389721	-134.960937	491.992187
5694.646853	1.642323	-134.960937	491.992187
5694.648853	1.885263	-134.960937	491.992187
5694.652852	2.339745	-134.960937	491.992187
5694.654853	2.551633	-134.960937	491.992187
5694.656852	2.603899	-134.960937	491.992187
5694.658854	2.598197	28.580170	0.283006
5695.698900	0.521547	-370.019531	2.539062
5695.700902	0.812467	-370.019531	2.539062
5695.702902	1.091515	-370.019531	2.539062
5695.704902	1.350451	-370.019531	2.539062
5695.706902	1.604216	-370.019531	2.539062
5695.708902	1.848769	-370.019531	2.539062
5695.712900	2.305525	-370.019531	2.539062
5695.714903	2.525272	-370.019531	2.539062
5695.716902	2.605473	-370.019531	2.539062
5695.718902	2.599581	28.595387	0.252106
5696.724944	0.369615	-137.304687	487.207031
5696.726946	0.663828	-137.304687	487.207031
5696.728951	0.950416	-137.304687	487.207031
5696.730950	1.219582	-137.304687	487.207031
5696.732952	1.475068	-137.304687	487.207031
5696.734950	1.724729	-137.304687	487.207031
5696.736951	1.963755	-137.304687	487.207031
5696.740949	2.414038	-137.304687	487.207031
5696.742952	2.590445	-137.304687	487.207031
5696.744950	2.600665	-137.304687	487.207031
5696.746951	2.595813	28.553938	0.264506
5697.791011	0.533864	-341.015625	1.953125
5697.793013	0.824550	-341.015625	1.953125
5697.795013	1.103014	-341.015625	1.953125
5697.797013	1.361181	-341.015625	1.953125
5697.799014	1.614877	-341.015625	1.953125
5697.801014	1.859029	-341.015625	1.953125
5697.803013	2.089779	-341.015625	1.953125
5697.805014	2.315018	-341.015625	1.953125
5697.807014	2.533265	-341.015625	1.953125
5697.809012	2.606128	-341.015625	1.953125
5697.811014	2.600276	28.603035	0.301193
5698.813045	0.544833	-149.121094	449.023437
5698.815047	0.835345	-149.121094	449.023437
5698.817046	1.112894	-149.121094	449.023437
5698.821045	1.623764	-149.121094	449.023437
5698.823047	1.867519	-149.121094	449.023437
5698.825046	2.097731	-149.121094	449.023437
5698.827048	2.322772	-149.121094	449.023437
5698.831046	2.603837	-149.121094	449.023437
5698.833046	2.598026	-149.121094	449.023437
5698.835046	2.594267	28.536942	0.269783
5699.881029	0.463360	-349.414062	1.464844
5699.885030	1.036960	-349.414062	1.464844
5699.887030	1.299911	-349.414062	1.464844
5699.889031	1.309541	-349.414062	1.464844
5699.891031	1.800936	-349.414062	1.464844
5699.893032	2.035144	-349.414062	1.464844
5699.895031	2.045077	-349.414062	1.464844
5699.897032	2.483642	-349.414062	1.464844
5699.899032	2.605241	-349.414062	1.464844
5699.901042	2.600235	28.602583	0.261531
5700.899103	0.419179	-146.386719	450.585937
5700.901104	0.711988	-146.386719	450.585937
5700.903104	0.995632	-146.386719	450.585937
5700.905105	1.261514	-146.386719	450.585937
5700.907105	1.516233	-146.386719	450.585937
5700.909105	1.764506	-146.386719	450.585937
5700.911105	2.000884	-146.386719	450.585937
5700.913106	2.226201	-146.386719	450.585937
5700.915105	2.450164	-146.386719	450.585937
5700.917105	2.600485	-146.386719	450.585937
5700.919105	2.599959	-146.386719	450.585937
5700.921106	2.595389	28.549274	0.265971
5701.975080	0.831030	-348.925781	0.488281
5701.977080	0.843657	-348.925781	0.488281
5701.981078	1.620390	-348.925781	0.488281
5701.983080	1.864364	-348.925781	0.488281
5701.985082	2.094661	-348.925781	0.488281
5701.987080	2.319914	-348.925781	0.488281
5701.989082	2.537211	-348.925781	0.488281
5701.991080	2.606254	-348.925781	0.488281
5701.993080	2.600232	28.602549	0.340115
5702.985658	0.286758	-134.667969	478.320312
5702.987658	0.583961	-134.667969	478.320312
5702.991656	1.147867	-134.667969	478.320312
5702.993659	1.404795	-134.667969	478.320312
5702.995659	1.656847	-134.667969	478.320312
5702.999656	2.127340	-134.667969	478.320312
5703.001658	2.352488	-134.667969	478.320312
5703.003659	2.559774	-134.667969	478.320312
5703.005658	2.602247	-134.667969	478.320312
5703.007662	2.596708	28.563784	0.250167
