crossing time (s)	slope (V/s)	crossing number
281474976710655.000000	2.296375	2199	0.000000
281474976710655.000000	2.229902	2200	0.000000
281474976710655.000000	2.469621	2201	2483278592.000000
281474976710655.000000	2.316009	2202	2484314368.000000
281474976710655.000000	2.639264	2203	2485358080.000000
281474976710655.000000	2.538793	2204	2486399744.000000
281474976710655.000000	2.719628	2205	2487470848.000000
281474976710655.000000	2.603227	2206	2488474368.000000
281474976710655.000000	2.569887	2207	2489574656.000000
281474976710655.000000	2.569414	2208	2490573568.000000
281474976710655.000000	2.799631	2209	2491646976.000000
281474976710655.000000	2.761162	2210	2492686080.000000
281474976710655.000000	3.223980	2211	2493730816.000000
281474976710655.000000	3.372015	2212	2494778624.000000
281474976710655.000000	3.069394	2213	2495824896.000000
281474976710655.000000	3.214794	2214	2496866048.000000
281474976710655.000000	3.980476	2215	2497929984.000000
281474976710655.000000	3.279310	2216	2498946560.000000
281474976710655.000000	3.686733	2217	2500025344.000000
281474976710655.000000	3.186818	2218	2501036544.000000
281474976710655.000000	3.903570	2219	2502121472.000000
281474976710655.000000	3.493623	2220	2503130112.000000
281474976710655.000000	3.704035	2221	2504212480.000000
281474976710655.000000	3.537063	2222	2505224448.000000
281474976710655.000000	4.048455	2223	2506305024.000000
281474976710655.000000	3.931859	2224	2507319808.000000
281474976710655.000000	4.641177	2225	2508391936.000000
281474976710655.000000	4.026984	2226	2509419264.000000
281474976710655.000000	4.765050	2227	2510479616.000000
281474976710655.000000	4.454699	2228	2511521024.000000
281474976710655.000000	4.393934	2229	2512568576.000000
281474976710655.000000	4.474237	2230	2513612544.000000
281474976710655.000000	4.419426	2231	2514661888.000000
281474976710655.000000	4.433250	2232	2515691776.000000
281474976710655.000000	4.573374	2233	2516769536.000000
281474976710655.000000	4.610738	2234	2517776896.000000
281474976710655.000000	4.482987	2235	2518862592.000000
281474976710655.000000	4.925636	2236	2519873792.000000
281474976710655.000000	4.922806	2237	2520940032.000000
281474976710655.000000	4.935658	2238	2521979904.000000
281474976710655.000000	5.445732	2239	2523026176.000000
281474976710655.000000	5.845782	2240	2524069888.000000
281474976710655.000000	5.072751	2241	2525127680.000000
281474976710655.000000	5.155912	2242	2526147584.000000
281474976710655.000000	5.462912	2243	2527228672.000000
281474976710655.000000	5.245462	2244	2528236800.000000
281474976710655.000000	5.198652	2245	2529316352.000000
281474976710655.000000	5.297329	2246	2530338560.000000
281474976710655.000000	5.582215	2247	2531395584.000000
281474976710655.000000	5.545660	2248	2532441344.000000
281474976710655.000000	6.004940	2249	2533481472.000000
281474976710655.000000	6.089281	2250	2534528768.000000
281474976710655.000000	5.796670	2251	2535577856.000000
281474976710655.000000	5.703923	2252	2536614656.000000
281474976710655.000000	5.802576	2253	2537676544.000000
281474976710655.000000	5.810875	2254	2538701056.000000
281474976710655.000000	6.306951	2255	2539771904.000000
281474976710655.000000	5.566375	2256	2540788992.000000
281474976710655.000000	6.720181	2257	2541864704.000000
281474976710655.000000	5.483346	2258	2542879232.000000
281474976710655.000000	7.104536	2259	2543955712.000000
281474976710655.000000	5.789443	2260	2544970496.000000
281474976710655.000000	7.093549	2261	2546046720.000000
281474976710655.000000	5.984950	2262	2547061760.000000
281474976710655.000000	7.601781	2263	2548136704.000000
281474976710655.000000	6.625294	2264	2549156864.000000
281474976710655.000000	7.916724	2265	2550224384.000000
281474976710655.000000	6.829546	2266	2551251200.000000
281474976710655.000000	7.882656	2267	2552309504.000000
281474976710655.000000	7.875325	2268	2553346304.000000
281474976710655.000000	7.565708	2269	2554395392.000000
281474976710655.000000	7.243274	2270	2555440896.000000
281474976710655.000000	6.786674	2271	2556482048.000000
281474976710655.000000	6.560741	2272	2557529088.000000
281474976710655.000000	6.060962	2273	2558582528.000000
281474976710655.000000	6.534974	2274	2559611904.000000
281474976710655.000000	7.442259	2275	2560678656.000000
281474976710655.000000	7.712945	2276	2561696768.000000
281474976710655.000000	7.495474	2277	2562771456.000000
281474976710655.000000	7.985671	2278	2563789824.000000
281474976710655.000000	7.423261	2279	2564854528.000000
281474976710655.000000	7.473835	2280	2565889536.000000
281474976710655.000000	7.739439	2281	2566938112.000000
281474976710655.000000	7.645219	2282	2567985152.000000
281474976710655.000000	7.457711	2283	2569027840.000000
281474976710655.000000	7.499470	2284	2570073600.000000
281474976710655.000000	7.774961	2285	2571124224.000000
281474976710655.000000	7.062449	2286	2572157952.000000
281474976710655.000000	8.145559	2287	2573220608.000000
281474976710655.000000	7.706320	2288	2574242304.000000
281474976710655.000000	8.114302	2289	2575313152.000000
281474976710655.000000	7.225017	2290	2576330240.000000
281474976710655.000000	7.329397	2291	2577404160.000000
281474976710655.000000	7.538000	2292	2578422784.000000
281474976710655.000000	7.651634	2293	2579493632.000000
281474976710655.000000	7.465909	2294	2580517120.000000
281474976710655.000000	8.341458	2295	2581582592.000000
281474976710655.000000	7.587368	2296	2582609408.000000
281474976710655.000000	8.766008	2297	2583672064.000000
281474976710655.000000	7.404436	2298	2584700672.000000
281474976710655.000000	9.345582	2299	2585762048.000000
281474976710655.000000	7.805851	2300	2586792192.000000
281474976710655.000000	9.571387	2301	2587853824.000000
281474976710655.000000	7.543280	2302	2588880640.000000
281474976710655.000000	10.124533	2303	2589945088.000000
281474976710655.000000	7.904633	2304	2590968320.000000
281474976710655.000000	10.472333	2305	2592037120.000000
281474976710655.000000	7.632817	2306	2593056512.000000
281474976710655.000000	10.477965	2307	2594128384.000000
281474976710655.000000	7.882154	2308	2595144704.000000
281474976710655.000000	8.835656	2309	2596216576.000000
281474976710655.000000	8.265108	2310	2597236480.000000
281474976710655.000000	8.345300	2311	2598302208.000000
281474976710655.000000	7.940271	2312	2599331840.000000
281474976710655.000000	8.196110	2313	2600386560.000000
281474976710655.000000	8.373910	2314	2601429504.000000
281474976710655.000000	8.585570	2315	2602472960.000000
281474976710655.000000	9.054077	2316	2603521280.000000
281474976710655.000000	9.507304	2317	2604563456.000000
281474976710655.000000	9.999075	2318	2605606912.000000
281474976710655.000000	9.722570	2319	2606657536.000000
281474976710655.000000	9.352667	2320	2607690240.000000
281474976710655.000000	8.654579	2321	2608754944.000000
281474976710655.000000	7.872589	2322	2609776896.000000
281474976710655.000000	9.333930	2323	2610847744.000000
281474976710655.000000	8.395914	2324	2611867136.000000
281474976710655.000000	10.230101	2325	2612935168.000000
281474976710655.000000	9.645167	2326	2613959680.000000
281474976710655.000000	9.430167	2327	2615022336.000000
281474976710655.000000	9.579165	2328	2616054528.000000
281474976710655.000000	9.656762	2329	2617108736.000000
281474976710655.000000	9.066390	2330	2618148608.000000
281474976710655.000000	9.899734	2331	2619196672.000000
281474976710655.000000	8.855053	2332	2620239872.000000
281474976710655.000000	9.256491	2333	2621285120.000000
281474976710655.000000	10.357557	2334	2622331136.000000
281474976710655.000000	9.754180	2335	2623374592.000000
281474976710655.000000	9.715774	2336	2624420608.000000
281474976710655.000000	10.168701	2337	2625464576.000000
281474976710655.000000	11.178567	2338	2626510080.000000
281474976710655.000000	10.270039	2339	2627554304.000000
