time (s)	energy (uJ)	charge (mC)	voltage (mV)	crossing#mod 255
6908.607314	104.126328	0.028601	3.640697	183
6909.710301	53.275177	0.028605	1.862470	184
6910.707937	91.396088	0.028605	3.195141	185
6911.799187	70.118225	0.028606	2.451133	186
6912.789506	95.240883	0.028593	3.330963	187
6913.928763	60.849136	0.028620	2.126123	188
6914.890346	105.054863	0.028575	3.676508	189
6915.991083	64.599533	0.028596	2.259005	190
6916.955164	131.256241	0.028611	4.587610	191
6918.083590	81.770836	0.028625	2.856632	192
6919.089313	109.536514	0.028596	3.830464	193
6920.247781	66.362671	0.028622	2.318605	194
6921.176643	119.721977	0.028594	4.186997	195
6922.292704	58.692280	0.028602	2.052034	196
6923.333288	84.265289	0.028583	2.948128	197
6924.378987	98.095345	0.028689	3.419303	198
6925.385555	93.866837	0.028592	3.283014	199
6926.475024	85.194130	0.028630	2.975693	200
6927.476527	106.156990	0.028595	3.712443	201
6928.598219	55.565765	0.028692	1.936621	202
6929.602736	85.376915	0.028545	2.990907	203
6930.674830	62.363579	0.028586	2.181611	204
6931.691463	88.846794	0.028572	3.109536	205
6932.769514	79.523697	0.028590	2.781499	206
6933.766318	91.452576	0.028605	3.197084	207
6934.867404	64.223335	0.028619	2.244080	208
6935.859645	85.086929	0.028538	2.981526	209
6936.961877	62.865421	0.028594	2.198560	210
6937.968418	72.737129	0.028605	2.542790	211
6939.051435	64.827248	0.028584	2.267982	212
6940.079906	71.799400	0.028578	2.512417	213
6941.134594	66.863571	0.028536	2.343171	214
6942.170650	72.130241	0.028612	2.520977	215
6943.225954	64.985550	0.028580	2.273821	216
6944.266092	72.120422	0.028613	2.520558	217
6945.316268	67.296272	0.028509	2.360501	218
6946.356986	69.875450	0.028575	2.445372	219
6947.412955	63.912819	0.028573	2.236808	220
6948.450694	67.530579	0.028568	2.363884	221
6949.508591	69.487556	0.028587	2.430733	222
6950.538375	70.293442	0.028578	2.459744	223
6951.613236	64.742592	0.028614	2.262638	224
6952.618546	893.809021	0.028571	31.283857	225
6953.723877	49.044098	0.028613	1.714077	226
6954.705225	64.126556	0.028564	2.245039	227
6955.807090	60.776310	0.028632	2.122651	228
6956.806748	57.559341	0.028556	2.015653	229
6957.885354	60.108425	0.028546	2.105673	230
6958.916974	66.000763	0.028568	2.310298	231
6959.970039	61.369827	0.028610	2.145066	232
6960.998533	64.531944	0.028576	2.258224	233
6962.076510	41.686569	0.028591	1.458054	234
6963.074290	63.753494	0.028608	2.228523	235
6964.178671	52.699371	0.028573	1.844364	236
6965.174390	52.228436	0.028561	1.828667	237
6966.259675	54.247597	0.028566	1.899000	238
6967.287817	58.519070	0.028619	2.044781	239
6968.340785	56.593685	0.028570	1.980892	240
6969.369830	58.113087	0.028534	2.036627	241
6970.443666	52.996201	0.028667	1.848707	242
6971.446783	57.695274	0.028546	2.021110	243
6972.545943	51.906918	0.028602	1.814793	244
6973.536601	50.093174	0.028516	1.756660	245
6974.631814	54.715027	0.028575	1.914795	246
6975.643794	52.311832	0.028622	1.827653	247
6976.712577	53.901146	0.028613	1.883767	248
6977.745261	54.980286	0.028562	1.924948	249
6978.798743	49.055668	0.028570	1.717044	250
6979.836229	47.889687	0.028602	1.674377	251
6980.896364	44.334801	0.028544	1.553198	252
6981.923351	46.669552	0.028568	1.633627	253
6982.987381	50.879265	0.028530	1.783369	254
6984.013083	46.650066	0.028598	1.631227	255
6985.077048	54.118610	0.028578	1.893731	0
6986.101926	48.322868	0.028568	1.691481	1
6987.169137	55.946430	0.028574	1.957974	2
6988.313373	-16.353731	0.028592	-0.571976	3
6989.254214	56.185795	0.028561	1.967213	4
6990.287848	49.278427	0.028546	1.726290	5
6991.340730	52.323231	0.028501	1.835843	6
6992.382248	46.400780	0.028542	1.625698	7
6993.428850	49.455643	0.028627	1.727607	8
6994.470591	44.488224	0.028552	1.558170	9
6995.532107	42.995529	0.028589	1.503906	10
6996.557183	34.684574	0.028576	1.213766	11
6997.634562	47.767288	0.028552	1.673003	12
6998.635011	43.643940	0.028558	1.528266	13
6999.728553	49.740337	0.028591	1.739731	14
7000.724099	43.735905	0.028565	1.531097	15
7001.816992	34.724644	0.028560	1.215829	16
7002.824939	42.163677	0.028557	1.476485	17
7003.895768	43.521988	0.028569	1.523423	18
7004.930536	40.344818	0.028545	1.413390	19
7005.981119	40.133820	0.028559	1.405313	20
7007.014862	39.355564	0.028523	1.379799	21
7008.080179	45.618034	0.028564	1.597054	22
7009.092954	41.675503	0.028541	1.460197	23
7010.180577	38.775887	0.028562	1.357602	24
7011.177728	40.140747	0.028550	1.405958	25
7012.274892	44.105381	0.028598	1.542274	26
7013.277686	36.753860	0.028564	1.286729	27
7014.356253	44.295341	0.028554	1.551304	28
7015.380948	39.803272	0.028580	1.392701	29
7016.433170	45.431629	0.028561	1.590677	30
7017.472820	39.424435	0.028578	1.379533	31
7018.522519	40.257893	0.028598	1.407734	32
7019.562384	38.085827	0.028553	1.333844	33
7020.619144	35.745228	0.028545	1.252260	34
7021.646824	39.034676	0.028556	1.366942	35
7022.715089	38.596016	0.028549	1.351907	36
7023.733487	38.484646	0.028478	1.351381	37
7024.808726	39.570755	0.028553	1.385876	38
7025.828127	35.040100	0.028549	1.227366	39
7026.898938	40.094810	0.028551	1.404310	40
7027.912521	39.042011	0.028562	1.366937	41
7028.988136	40.090179	0.028561	1.403656	42
7030.009458	38.451736	0.028571	1.345818	43
7031.074230	38.664024	0.028578	1.352913	44
7032.101838	39.362923	0.028531	1.379672	45
7033.163494	35.945919	0.028496	1.261430	46
7034.197374	36.943222	0.028581	1.292562	47
7035.250241	36.585552	0.028555	1.281250	48
7036.289869	36.664551	0.028568	1.283424	49
7037.336951	38.891041	0.028517	1.363778	50
7038.375043	35.189415	0.028574	1.231524	51
7039.437300	43.356438	0.028544	1.518943	52
7040.455426	35.454929	0.028504	1.243859	53
7041.540894	40.920444	0.028546	1.433514	54
7042.539575	34.367874	0.028570	1.202937	55
7043.633550	36.771114	0.028559	1.287543	56
7044.629460	33.996593	0.028541	1.191135	57
7045.714289	35.151520	0.028515	1.232752	58
7046.730248	32.311535	0.028541	1.132094	59
7047.793368	35.899033	0.028528	1.258368	60
7048.831961	34.124504	0.028551	1.195219	61
7049.878592	32.619244	0.028577	1.141464	62
7050.918556	35.595734	0.028554	1.246610	63
7051.975443	37.127598	0.028577	1.299196	64
7053.002769	33.530060	0.028549	1.174461	65
7054.074583	37.747112	0.028549	1.322192	66
7055.084396	33.238480	0.028575	1.163189	67
7056.168620	38.670059	0.028567	1.353657	68
7057.167875	32.708847	0.028503	1.147546	69
7058.264445	38.741180	0.028546	1.357152	70
7059.259901	31.417923	0.028535	1.101020	71
7060.350971	38.657249	0.028554	1.353834	72
7061.350669	30.551378	0.028586	1.068759	73
7062.438548	38.954876	0.028579	1.363048	74
7063.443045	31.397148	0.028526	1.100646	75
7064.529934	37.357132	0.028534	1.309221	76
7065.534671	30.700436	0.028555	1.075132	77
7066.619065	32.638988	0.028592	1.141537	78
7067.625324	30.347420	0.028530	1.063687	79
7068.710248	36.976551	0.028524	1.296330	80
7069.712370	30.335966	0.028561	1.062155	81
7070.802935	35.199028	0.028572	1.231950	82
7071.800840	29.428436	0.028562	1.030338	83
7072.895026	36.279716	0.028536	1.271372	84
7073.891006	29.029425	0.028522	1.017782	85
7074.984837	36.919525	0.028551	1.293104	86
7075.982814	28.389616	0.028529	0.995131	87
7077.072054	37.926659	0.028539	1.328925	88
7078.079365	25.727621	0.028532	0.901700	89
7079.153894	38.209923	0.028536	1.339020	90
7080.177344	32.976894	0.028568	1.154338	91
7081.232475	38.279980	0.028530	1.341741	92
7082.272119	31.264635	0.028536	1.095603	93
7083.318362	33.007874	0.028548	1.156236	94
7084.360801	23.506899	0.028537	0.823722	95
7085.418397	28.653311	0.028498	1.005463	96
7086.445378	27.776770	0.028483	0.975208	97
7087.518122	34.758991	0.028577	1.216329	98
7088.527175	27.950842	0.028555	0.978848	99
7089.611157	36.248440	0.028542	1.269993	100
7090.610295	28.758684	0.028530	1.008001	101
7091.703846	35.037197	0.028567	1.226490	102
7092.702565	28.116966	0.028501	0.986512	103
7093.790807	35.360756	0.028500	1.240742	104
7094.800179	27.555099	0.028523	0.966054	105
7095.879682	33.600380	0.028550	1.176879	106
7096.892852	29.403656	0.028520	1.030990	107
7097.961775	34.675343	0.028574	1.213529	108
7098.989054	29.194368	0.028562	1.022152	109
7100.045521	34.852409	0.028533	1.221480	110
7101.079677	30.691788	0.028525	1.075943	111
7102.133431	33.186405	0.028516	1.163793	112
7103.171592	29.219614	0.028565	1.022916	113
7104.223809	32.388748	0.028575	1.133475	114
7105.261556	30.295694	0.028524	1.062102	115
7106.313247	32.880276	0.028523	1.152778	116
7107.352125	29.566570	0.028524	1.036555	117
7108.403950	32.201748	0.028536	1.128476	118
7109.441414	29.841356	0.028533	1.045846	119
7110.496293	31.566463	0.028530	1.106433	120
7111.527524	29.055061	0.028536	1.018182	121
7112.590660	30.950001	0.028564	1.083534	122
7113.614148	29.556921	0.028533	1.035882	123
7114.685095	32.060505	0.028571	1.122131	124
7115.699942	28.399471	0.028513	0.996006	125
7116.779693	30.787247	0.028524	1.079329	126
7117.785131	26.167950	0.028484	0.918702	127
7118.874016	35.038433	0.028565	1.226625	128
7119.870080	27.468264	0.028564	0.961645	129
7120.964102	33.925617	0.028576	1.187203	130
7121.961661	16.943508	0.028560	0.593260	131
7123.051849	33.444809	0.028534	1.172113	132
7124.058529	25.599451	0.028572	0.895972	133
7125.134061	33.436169	0.028523	1.172247	134
7126.155241	26.946526	0.028461	0.946781	135
7127.219078	23.738821	0.028525	0.832206	136
7128.251007	28.687311	0.028519	1.005890	137
7129.304152	30.310028	0.028519	1.062811	138
7130.340823	29.641560	0.028522	1.039254	139
7131.394148	29.282463	0.028517	1.026837	140
7132.428619	28.305841	0.028530	0.992136	141
7133.488925	30.522417	0.028521	1.070186	142
7134.514815	27.307898	0.028521	0.957469	143
7135.582766	34.306931	0.028520	1.202901	144
7136.602857	26.577137	0.028527	0.931654	145
7137.677470	33.629631	0.028566	1.177280	146
7138.688384	26.578352	0.028455	0.934048	147
7139.767310	34.584202	0.028530	1.212190	148
7140.776645	26.775135	0.028550	0.937836	149
7141.860936	34.064911	0.028529	1.194024	150
7142.865905	26.539827	0.028545	0.929767	151
7143.948948	34.435593	0.028501	1.208227	152
7144.953914	27.303720	0.028547	0.956463	153
7146.038225	32.127769	0.028550	1.125311	154
7147.207579	10.783079	0.028507	0.378260	155
7148.125816	33.284286	0.028525	1.166843	156
7149.135258	27.813992	0.028490	0.976275	157
7150.214012	31.375589	0.028522	1.100067	158
7151.227698	27.758146	0.028518	0.973372	159
7152.301377	30.112028	0.028460	1.058035	160
7153.323861	26.083590	0.028520	0.914570	161
7154.385479	30.777611	0.028548	1.078092	162
7155.417706	22.741787	0.028507	0.797751	163
7156.473227	28.532141	0.028519	1.000451	164
7157.509334	27.487171	0.028529	0.963488	165
7158.561550	29.467630	0.028523	1.033135	166
7159.600190	26.636837	0.028486	0.935076	167
7160.651887	29.750160	0.028518	1.043217	168
7161.685952	27.727694	0.028512	0.972497	169
7162.745330	30.057035	0.028556	1.052581	170
7163.776549	26.449907	0.028514	0.927600	171
7164.836808	32.638844	0.028519	1.144461	172
7165.854946	25.033503	0.028546	0.876961	173
7166.938657	30.571041	0.028543	1.071067	174
7167.941980	22.695215	0.028512	0.795988	175
7169.030619	30.568617	0.028516	1.071994	176
7170.032050	23.524765	0.028536	0.824401	177
7171.122722	32.935654	0.028505	1.155418	178
7172.119652	19.971512	0.028528	0.700062	179
7173.210587	33.222664	0.028560	1.163257	180
7174.211921	23.581629	0.028525	0.826714	181
7175.296654	33.520065	0.028513	1.175598	182
7176.311372	23.725079	0.028549	0.831039	183
7177.383360	33.545986	0.028515	1.176425	184
7178.397671	26.671295	0.028506	0.935622	185
7179.470116	33.155228	0.028496	1.163512	186
7180.490792	27.708906	0.028542	0.970800	187
7181.558584	32.479824	0.028522	1.138749	188
7182.579131	27.323788	0.028481	0.959364	189
7183.647626	31.232180	0.028555	1.093762	190
7184.667861	27.651640	0.028517	0.969652	191
7185.737953	30.483459	0.028518	1.068917	192
7186.757197	27.261700	0.028505	0.956376	193
7187.828769	30.240431	0.028527	1.060063	194
7188.845119	26.204443	0.028522	0.918741	195
7189.922142	110.244438	0.028550	3.861494	196
7190.932497	25.075365	0.028522	0.879145	197
7192.014626	28.798307	0.028557	1.008441	198
7193.019422	19.214863	0.028541	0.673237	199
7194.106185	29.098192	0.028555	1.019006	200
7195.107468	22.875809	0.028508	0.802422	201
7196.198877	30.300232	0.028547	1.061421	202
7197.196147	21.886154	0.028545	0.766727	203
7198.286684	33.011005	0.028542	1.156580	204
7199.285836	22.307688	0.028516	0.782289	205
7200.375281	31.507755	0.028481	1.106256	206
7201.381158	18.492102	0.028538	0.647990	207
7202.462649	30.663401	0.028550	1.074038	208
7203.476733	22.764647	0.028509	0.798513	209
7204.547879	29.554197	0.028503	1.036865	210
7205.566920	25.739777	0.028484	0.903662	211
7206.630991	29.825554	0.028481	1.047197	212
7207.661015	26.160498	0.028457	0.919315	213
7208.719158	20.073288	0.028518	0.703892	214
7209.754209	25.318724	0.028527	0.887536	215
7210.806787	28.179443	0.028484	0.989300	216
7211.843625	25.374146	0.028502	0.890243	217
7212.898219	27.934412	0.028538	0.978852	218
7213.932805	23.959974	0.028551	0.839212	219
7214.992793	28.132626	0.028553	0.985293	220
7216.021598	258.859528	0.028536	9.071273	221
