num crossings	time (s)	maj axis (mm)	min axis (mm)	theta (rad )	slope (V/s)
6327	6907.277220	31.979228	-12.548401	3.177036	1.328407
6329	6909.411933	32.587257	-10.585662	3.175191	2.524802
6331	6911.507712	33.438995	-10.196542	3.143256	1.884949
6333	6913.632379	35.031785	-11.460958	3.062581	2.224389
6335	6915.702581	35.600653	-9.054511	3.173853	2.186815
6337	6917.792125	35.152041	-12.295998	3.088439	2.376901
6339	6919.946237	37.681754	-11.135314	3.027632	2.597384
6341	6922.005062	37.816343	-7.962787	3.144855	4.026844
6343	6924.088953	37.864138	-10.078074	3.125424	2.666559
6345	6926.182847	39.886090	-9.166045	3.058539	2.771662
6347	6928.302409	40.766585	-9.348380	3.091970	4.670847
6349	6930.384403	40.269402	-7.380953	3.154933	0.937043
6351	6932.476906	40.671516	-9.279867	3.085924	2.560908
6353	6934.573516	41.791119	-8.760584	3.083382	4.163281
6355	6936.669112	43.006889	-8.829196	3.088865	3.988773
6357	6938.759613	43.455183	-8.791451	3.095826	2.791789
6359	6940.843821	43.417601	-9.015093	3.088890	3.384772
6361	6942.934249	44.037739	-8.788381	3.085725	3.801846
6363	6945.024841	45.582087	-7.787669	3.066998	3.918347
6365	6947.119021	45.202595	-7.958500	3.076286	4.072467
6367	6949.215799	45.494333	-7.757285	3.072976	3.900086
6369	6951.319335	45.638600	-7.574268	3.077812	4.463130
6371	6953.426748	46.007679	-7.527002	3.085619	4.378114
6373	6955.516285	47.101444	-5.519709	3.112114	3.739768
6375	6957.596889	47.197799	-5.574786	3.079368	3.500719
6377	6959.679038	47.064811	-5.853982	3.092448	4.097113
6379	6961.784210	47.515795	-6.662768	3.040397	4.813249
6381	6963.885873	48.333288	-4.410640	3.119193	4.814374
6383	6965.968138	49.653504	-7.774703	3.034094	3.622323
6385	6968.049835	49.334250	-6.973752	3.044880	4.064151
6387	6970.150493	48.387138	-5.423480	3.068040	5.046758
6389	6972.252481	49.355038	-6.475963	3.078659	5.171652
6391	6974.340507	49.001782	-4.828576	3.073595	3.922379
6393	6976.422623	50.427417	-6.622069	3.053345	4.017546
6395	6978.509024	48.462949	-2.972986	3.056499	5.152017
6397	6980.602857	50.597558	-6.437032	3.050141	4.513868
6399	6982.696372	50.785246	-6.076647	3.053041	4.293435
6401	6984.786039	50.992362	-4.895482	3.053863	4.641233
6403	6986.877970	51.437076	-5.899268	3.053930	4.582722
6405	6988.963588	51.644062	-6.170755	3.049498	5.354216
6407	6991.048742	52.011406	-6.092001	3.050875	5.775842
6409	6993.138113	52.059755	-5.431771	3.057400	5.354997
6411	6995.239431	52.162074	-6.178796	3.032442	4.735092
6413	6997.341497	49.932634	5.759419	2.994627	4.563741
6415	6999.436402	52.990709	-5.285650	3.033442	4.760420
6417	7001.525924	52.784369	-4.852515	3.026899	5.471824
6419	7003.605947	52.388834	-4.164819	3.059943	4.842005
6421	7005.690891	53.023888	-5.689522	3.051044	4.882708
6423	7007.789129	52.750099	-3.268692	3.062852	5.330393
6425	7009.888790	52.181612	-2.538410	3.051137	5.269229
6427	7011.982975	52.273415	-5.274788	3.012616	5.128887
6429	7014.065021	53.760353	-3.174572	3.048546	4.679313
6431	7016.144491	54.460851	-4.606680	3.050506	5.105577
6433	7018.232076	54.338691	-2.856992	3.062917	5.744618
6435	7020.327320	54.104764	-3.081870	3.056021	5.376536
6437	7022.423787	54.146188	-2.974054	3.048462	5.591749
6439	7024.516200	53.670325	-1.500787	3.042613	5.327318
6441	7026.607184	52.856967	4.578218	2.987870	5.461649
6443	7028.696057	55.088363	-6.046660	3.016098	5.491323
6445	7030.783473	54.342506	-2.733332	3.047373	5.982879
6447	7032.870843	54.285213	-1.947841	3.045174	6.269143
6449	7034.959059	55.453839	-4.200579	3.020882	6.115092
6451	7037.047336	53.675491	-3.913988	3.063067	5.936599
6453	7039.145632	53.358915	3.998857	2.999481	5.548549
6455	7041.248701	55.042993	-3.761769	3.002984	5.244179
6457	7043.341316	55.712301	-3.900129	3.040552	5.125804
6459	7045.423888	55.225585	-1.547499	3.036101	5.576839
6461	7047.503787	53.943627	3.917030	2.975888	4.884002
6463	7049.588481	56.116341	-3.784237	3.021678	5.813240
6465	7051.682189	53.524376	3.568135	2.982220	6.027572
6467	7053.782400	56.064304	-3.545638	2.995802	5.818328
6469	7055.878025	56.032591	-3.629101	3.029527	5.729417
6471	7057.971244	56.184009	-3.238746	3.032578	5.574838
6473	7060.060187	56.318018	-3.224853	3.026180	5.585736
6475	7062.148304	56.870877	-3.926606	3.005557	5.631906
6477	7064.237761	56.848533	-4.771671	3.008180	5.463768
6479	7066.327551	56.470459	-3.512477	3.020361	5.605974
6481	7068.418382	56.970477	-1.293106	3.029888	6.001054
6483	7070.511274	56.823550	-1.501232	3.024769	5.876915
6485	7072.603580	56.966300	-2.773861	3.014691	5.733226
6487	7074.693336	57.174586	-2.715685	3.016350	5.400588
6489	7076.781049	56.301684	-1.701906	3.034184	5.500722
6491	7078.863157	55.015060	2.705461	2.985016	5.719280
6493	7080.941550	57.730128	-2.955336	3.021688	6.495998
6495	7083.028584	57.684923	-2.997532	3.022708	6.395378
6497	7085.126363	54.960831	2.697168	2.970073	5.809710
6499	7087.225634	57.189584	-2.586555	3.017525	5.739514
6501	7089.320011	57.112932	-0.914799	3.014890	5.553442
6503	7091.412427	56.855612	-0.382612	3.033382	5.788003
6505	7093.500440	58.130807	-2.549673	3.012278	6.165172
6507	7095.587182	58.133035	-2.639390	3.014450	5.652008
6509	7097.670478	58.175872	-2.263857	2.985512	5.737461
6511	7099.755578	58.184546	-0.498549	3.025400	6.288584
6513	7101.842574	58.041580	-0.545124	3.022480	6.189028
6515	7103.932442	58.392938	-0.630642	3.020188	6.581509
6517	7106.022470	58.447628	-2.396948	3.034065	6.339923
6519	7108.113366	58.700712	-1.907153	2.989924	6.194022
6521	7110.204848	58.454568	-1.745619	3.014667	6.149565
6523	7112.298138	58.507357	-1.842925	3.011856	6.311082
6525	7114.392208	58.181317	-0.395838	3.014182	6.343099
6527	7116.487495	57.933104	-0.021184	3.023075	6.085319
6529	7118.581686	58.512756	-0.037908	3.030366	6.036232
6531	7120.672891	58.620197	0.121318	3.031940	6.283599
6533	7122.759987	58.939034	-1.490681	3.012359	6.079757
6535	7124.843933	59.268304	-1.531393	3.010998	5.802620
6537	7126.928413	59.024062	0.000654	3.008598	6.050629
6539	7129.013714	59.208710	-1.330227	3.002636	6.691152
6541	7131.102585	58.774594	-0.865280	2.996071	6.892359
6543	7133.196786	58.936980	-1.082043	3.010741	6.207960
6545	7135.290384	58.535294	-1.334336	2.978405	6.114193
6547	7137.384657	58.331119	-2.300467	3.032127	6.125337
6549	7139.476092	58.998397	-1.398500	3.007668	6.003241
6551	7141.567400	59.078992	-1.400887	3.006149	6.432187
6553	7143.658425	58.143807	-1.103649	2.983257	6.538794
6555	7145.747307	58.096723	-1.131851	3.029245	6.919878
6557	7147.835471	58.087491	1.182382	2.970554	7.068703
6559	7149.923286	59.487954	-1.172722	3.003188	6.845644
6561	7152.009514	59.895376	-0.750355	3.005886	6.759662
6563	7154.094710	59.803988	-2.531361	3.031581	6.650203
6565	7156.181695	59.886669	-1.105504	3.007159	6.559773
6567	7158.271608	56.880253	1.001175	2.961574	6.463530
6569	7160.360283	59.065979	0.642303	3.001304	6.514201
6571	7162.452312	59.319633	1.378323	3.012895	6.911329
6573	7164.545734	59.529762	-1.255560	2.999369	6.712251
6575	7166.645307	58.758244	0.708548	3.006335	6.678958
6577	7168.739092	58.644889	1.886124	3.008809	6.259037
6579	7170.830863	59.981146	-0.208889	2.991058	6.320987
6581	7172.919499	59.750318	0.370334	2.999598	6.107523
6583	7175.005967	59.183343	-0.589840	3.021386	6.187892
6585	7177.092728	57.547215	-0.478935	2.972216	6.364175
6587	7179.179322	60.144881	1.004420	3.004562	6.392390
6589	7181.267328	60.468281	-0.091657	3.004739	7.353610
6591	7183.355859	60.217042	0.020936	3.003723	7.575758
6593	7185.445950	59.273685	-1.222678	3.024396	7.411367
6595	7187.537070	59.362521	-0.172150	2.973289	7.681773
6597	7189.629177	60.051976	0.104891	3.004396	7.349713
6599	7191.721974	58.663314	0.942978	2.968633	7.280219
6601	7193.814696	58.401199	0.997193	2.968121	7.125408
6603	7195.906404	60.480730	0.658692	2.986697	6.738849
6605	7197.996781	60.184956	-0.044730	3.002910	6.271251
6607	7200.084641	57.167591	0.892328	2.951908	6.408066
6609	7202.171294	60.463965	0.030011	3.002521	6.189935
6611	7204.257157	59.428647	2.967552	3.000168	6.776140
6613	7206.341086	57.559436	0.888731	2.951081	7.204844
6615	7208.428320	57.150503	1.000515	2.950271	7.199622
6617	7210.515459	57.428852	0.571824	2.982951	7.138244
6619	7212.605631	60.162474	1.530421	2.995655	6.878014
6621	7214.699651	60.329320	0.432319	3.020746	6.523611
