time (s)	coil I (A)	last det (V)	int current (uC)
426774.302532	0.427716	-230.175781	-129.785156
426774.304533	0.721314	-230.175781	-129.785156
426774.306534	1.004869	-230.175781	-129.785156
426774.308534	1.270306	-230.175781	-129.785156
426774.310532	1.524809	-230.175781	-129.785156
426774.312533	1.772848	-230.175781	-129.785156
426774.314534	2.008695	-230.175781	-129.785156
426774.318534	2.457513	-230.175781	-129.785156
426774.320534	2.604031	-230.175781	-129.785156
426774.322533	2.602539	-230.175781	-129.785156
426774.324532	2.598105	28.579151	0.227155
426775.320535	0.749487	-525.488281	40.234375
426775.322539	1.031729	-525.488281	40.234375
426775.324538	1.295086	-525.488281	40.234375
426775.326539	1.549368	-525.488281	40.234375
426775.328538	1.796233	-525.488281	40.234375
426775.330539	2.030554	-525.488281	40.234375
426775.332538	2.255835	-525.488281	40.234375
426775.334537	2.478836	-525.488281	40.234375
426775.336538	2.606195	-525.488281	40.234375
426775.338538	2.601657	28.618225	0.149207
426776.367129	0.458068	-238.769531	-136.132812
426776.369138	0.750876	-238.769531	-136.132812
426776.371134	1.033634	-238.769531	-136.132812
426776.373134	1.296946	-238.769531	-136.132812
426776.375133	1.551153	-238.769531	-136.132812
426776.379133	2.032354	-238.769531	-136.132812
426776.381135	2.257562	-238.769531	-136.132812
426776.383135	2.480627	-238.769531	-136.132812
426776.385133	2.607424	-238.769531	-136.132812
426776.387134	2.602652	28.629169	0.199425
426777.417150	0.669446	-521.875000	36.328125
426777.419151	0.955370	-521.875000	36.328125
426777.421152	1.224426	-521.875000	36.328125
426777.423150	1.479943	-521.875000	36.328125
426777.425151	1.729362	-521.875000	36.328125
426777.427151	1.968116	-521.875000	36.328125
426777.429151	2.193375	-521.875000	36.328125
426777.431152	2.418123	-521.875000	36.328125
426777.433152	2.593578	-521.875000	36.328125
426777.435152	2.603283	-521.875000	36.328125
426777.437153	2.598553	28.584080	0.193675
426778.463194	0.293536	-237.695312	-138.867187
426778.465197	0.591838	-237.695312	-138.867187
426778.467196	0.881126	-237.695312	-138.867187
426778.469196	1.155597	-237.695312	-138.867187
426778.471195	1.412361	-237.695312	-138.867187
426778.473194	1.664049	-237.695312	-138.867187
426778.475196	1.906023	-237.695312	-138.867187
426778.477196	2.133835	-237.695312	-138.867187
426778.479197	2.358904	-237.695312	-138.867187
426778.481195	2.564583	-237.695312	-138.867187
426778.483196	2.604399	-237.695312	-138.867187
426778.485195	2.598886	28.587749	0.232176
426779.513239	0.513499	-519.433594	36.035156
426779.515242	0.805169	-519.433594	36.035156
426779.517240	1.084678	-519.433594	36.035156
426779.519240	1.344121	-519.433594	36.035156
426779.521240	1.597945	-519.433594	36.035156
426779.523242	1.842530	-519.433594	36.035156
426779.525240	2.074157	-519.433594	36.035156
426779.527242	2.299227	-519.433594	36.035156
426779.529240	2.519962	-519.433594	36.035156
426779.531241	2.607609	-519.433594	36.035156
426779.533240	2.601559	28.617153	0.228754
426780.005246	0.577502	-306.542969	-12.792969
426780.007247	0.862441	-306.542969	-12.792969
426780.009249	1.133601	-306.542969	-12.792969
426780.011249	1.386072	-306.542969	-12.792969
426780.013249	1.634308	-306.542969	-12.792969
426780.015251	1.873154	-306.542969	-12.792969
426780.017257	2.099226	-306.542969	-12.792969
426780.019256	2.320305	-306.542969	-12.792969
426780.021257	2.523627	-306.542969	-12.792969
426780.023256	2.564705	-306.542969	-12.792969
426780.025256	2.559190	28.151085	0.263062
426780.495153	0.341627	-253.808594	-142.187500
426780.497153	0.631980	-253.808594	-142.187500
426780.499154	0.913898	-253.808594	-142.187500
426780.503151	1.431727	-253.808594	-142.187500
426780.505154	1.677817	-253.808594	-142.187500
426780.507154	1.914234	-253.808594	-142.187500
426780.509155	2.136840	-253.808594	-142.187500
426780.513152	2.541013	-253.808594	-142.187500
426780.517152	2.553605	-253.808594	-142.187500
426780.519152	2.550338	28.053713	0.064219
426781.609189	0.336304	-520.507812	40.234375
426781.611190	0.632628	-520.507812	40.234375
426781.613191	0.920091	-520.507812	40.234375
426781.617189	1.447700	-520.507812	40.234375
426781.619191	1.698242	-520.507812	40.234375
426781.621190	1.938741	-520.507812	40.234375
426781.623189	2.164581	-520.507812	40.234375
426781.625190	2.389777	-520.507812	40.234375
426781.627192	2.581539	-520.507812	40.234375
426781.629191	2.603289	-520.507812	40.234375
426781.631191	2.598314	28.581455	0.218654
426782.657144	0.237432	-231.347656	-131.445312
426782.659145	0.539130	-231.347656	-131.445312
426782.661145	0.830160	-231.347656	-131.445312
426782.663146	1.108247	-231.347656	-131.445312
426782.665147	1.365978	-231.347656	-131.445312
426782.667146	1.619269	-231.347656	-131.445312
426782.669147	1.863010	-231.347656	-131.445312
426782.671145	2.093327	-231.347656	-131.445312
426782.673147	2.318368	-231.347656	-131.445312
426782.675147	2.535828	-231.347656	-131.445312
426782.677146	2.606501	-231.347656	-131.445312
426782.681144	2.596774	28.564510	0.295422
426783.707222	0.468543	-520.898437	37.500000
426783.709224	0.760959	-520.898437	37.500000
426783.713223	1.304986	-520.898437	37.500000
426783.715224	1.559012	-520.898437	37.500000
426783.717225	1.805347	-520.898437	37.500000
426783.719224	1.815135	-520.898437	37.500000
426783.721225	2.264137	-520.898437	37.500000
426783.723225	2.487087	-520.898437	37.500000
426783.725225	2.607694	-520.898437	37.500000
426783.727225	2.602529	28.627823	0.276237
426784.755275	0.390797	-225.000000	-132.617187
426784.757278	0.685197	-225.000000	-132.617187
426784.759278	0.970235	-225.000000	-132.617187
426784.761278	1.237979	-225.000000	-132.617187
426784.763277	1.492925	-225.000000	-132.617187
426784.765278	1.741730	-225.000000	-132.617187
426784.767277	1.979513	-225.000000	-132.617187
426784.769278	2.204687	-225.000000	-132.617187
426784.771277	2.429022	-225.000000	-132.617187
426784.773284	2.596134	-225.000000	-132.617187
426784.775287	2.601540	-225.000000	-132.617187
426784.777292	2.596799	28.564785	0.307312
426785.837322	0.493616	-525.292969	30.859375
426785.839324	0.785436	-525.292969	30.859375
426785.841324	1.065898	-525.292969	30.859375
426785.843325	1.326553	-525.292969	30.859375
426785.845324	1.580405	-525.292969	30.859375
426785.847324	1.591170	-525.292969	30.859375
426785.849325	2.058353	-525.292969	30.859375
426785.851324	2.283522	-525.292969	30.859375
426785.853324	2.505672	-525.292969	30.859375
426785.855326	2.606128	-525.292969	30.859375
426785.857324	2.600217	28.602388	0.341810
426786.853295	0.410538	-229.199219	-124.023437
426786.855299	0.530163	-229.199219	-124.023437
426786.857300	1.088899	-229.199219	-124.023437
426786.859298	1.347812	-229.199219	-124.023437
426786.861298	1.601276	-229.199219	-124.023437
426786.863299	1.845605	-229.199219	-124.023437
426786.865298	2.076881	-229.199219	-124.023437
426786.867298	2.301787	-229.199219	-124.023437
426786.869298	2.521699	-229.199219	-124.023437
426786.871298	2.604486	-229.199219	-124.023437
426786.873298	2.598491	28.583406	0.301944
426787.933333	0.322548	-522.851562	26.953125
426787.935335	0.619396	-522.851562	26.953125
426787.937334	0.629161	-522.851562	26.953125
426787.939334	1.179845	-522.851562	26.953125
426787.941334	1.436097	-522.851562	26.953125
426787.943336	1.686877	-522.851562	26.953125
426787.945334	1.927784	-522.851562	26.953125
426787.947336	2.154338	-522.851562	26.953125
426787.949334	2.379465	-522.851562	26.953125
426787.951336	2.576384	-522.851562	26.953125
426787.953339	2.603652	-522.851562	26.953125
426787.955342	2.598622	28.584841	0.379399
426788.885363	0.582245	-250.195312	-100.000000
426788.887366	0.871579	-250.195312	-100.000000
426788.889365	1.146387	-250.195312	-100.000000
426788.891367	1.403078	-250.195312	-100.000000
426788.897363	2.124935	-250.195312	-100.000000
426788.899366	2.349780	-250.195312	-100.000000
426788.903364	2.602113	-250.195312	-100.000000
426788.905367	2.596412	-250.195312	-100.000000
426788.907366	2.592906	28.521971	0.200730
426790.031395	0.456920	-520.312500	27.343750
426790.033395	0.749702	-520.312500	27.343750
426790.035396	1.031830	-520.312500	27.343750
426790.037401	1.295153	-520.312500	27.343750
426790.039400	1.549750	-520.312500	27.343750
426790.041402	1.575370	-520.312500	27.343750
426790.043401	2.031088	-520.312500	27.343750
426790.045402	2.256320	-520.312500	27.343750
426790.047400	2.479409	-520.312500	27.343750
426790.049401	2.607018	-520.312500	27.343750
426790.051403	2.602260	28.624865	0.357228
426791.017438	0.893261	-235.351562	-95.605469
426791.019440	1.166526	-235.351562	-95.605469
426791.021442	1.422799	-235.351562	-95.605469
426791.023440	1.673961	-235.351562	-95.605469
426791.025440	1.915272	-235.351562	-95.605469
426791.027440	2.142189	-235.351562	-95.605469
426791.029441	2.367185	-235.351562	-95.605469
426791.031439	2.568717	-235.351562	-95.605469
426791.033442	2.602176	-235.351562	-95.605469
426791.035441	2.596741	28.564156	0.643466
426792.129984	0.670031	-525.781250	33.203125
426792.131986	0.955788	-525.781250	33.203125
426792.133986	1.224594	-525.781250	33.203125
426792.135986	1.479965	-525.781250	33.203125
426792.137986	1.729278	-525.781250	33.203125
426792.139987	1.968006	-525.781250	33.203125
426792.141987	2.193110	-525.781250	33.203125
426792.143987	2.417826	-525.781250	33.203125
426792.145987	2.593213	-525.781250	33.203125
426792.147989	2.602704	-525.781250	33.203125
426792.149986	2.597913	28.577042	0.342898
426793.112004	0.519995	-231.152344	-85.839844
426793.114007	0.811101	-231.152344	-85.839844
426793.116006	1.089954	-231.152344	-85.839844
426793.118009	1.348696	-231.152344	-85.839844
426793.120009	1.601974	-231.152344	-85.839844
426793.122007	1.846194	-231.152344	-85.839844
426793.124009	2.077394	-231.152344	-85.839844
426793.126007	2.302234	-231.152344	-85.839844
426793.128008	2.521904	-231.152344	-85.839844
426793.130008	2.603935	-231.152344	-85.839844
426793.132008	2.597902	28.576918	0.360279
426794.192052	0.327680	-526.464844	35.058594
426794.194054	0.624279	-526.464844	35.058594
426794.198053	1.184045	-526.464844	35.058594
426794.200054	1.440146	-526.464844	35.058594
426794.202054	1.690862	-526.464844	35.058594
426794.204055	1.931550	-526.464844	35.058594
426794.206055	2.157683	-526.464844	35.058594
426794.208054	2.382795	-526.464844	35.058594
426794.210054	2.577802	-526.464844	35.058594
426794.212056	2.602998	-526.464844	35.058594
426794.214053	2.597926	28.577185	0.330529
426795.210075	0.655865	-234.375000	-78.027344
426795.212078	0.942046	-234.375000	-78.027344
426795.214076	1.211616	-234.375000	-78.027344
426795.216079	1.467000	-234.375000	-78.027344
426795.218078	1.716466	-234.375000	-78.027344
426795.220078	1.955797	-234.375000	-78.027344
426795.222077	2.180843	-234.375000	-78.027344
426795.224079	2.405679	-234.375000	-78.027344
426795.226076	2.587749	-234.375000	-78.027344
426795.228079	2.601810	-234.375000	-78.027344
426795.230077	2.596903	28.565937	0.407961
426796.290046	0.453968	-526.855469	35.839844
426796.292051	0.746611	-526.855469	35.839844
426796.296049	1.292462	-526.855469	35.839844
426796.298050	1.546503	-526.855469	35.839844
426796.300050	1.793311	-526.855469	35.839844
426796.302050	2.027745	-526.855469	35.839844
426796.304050	2.252957	-526.855469	35.839844
426796.306052	2.475921	-526.855469	35.839844
426796.308051	2.605324	-526.855469	35.839844
426796.310050	2.600963	28.610594	0.330930
426797.306580	0.560329	-229.394531	-74.023437
426797.308583	0.850577	-229.394531	-74.023437
426797.312582	1.384171	-229.394531	-74.023437
426797.314583	1.636516	-229.394531	-74.023437
426797.320582	2.333401	-229.394531	-74.023437
426797.322583	2.546899	-229.394531	-74.023437
426797.324582	2.604096	-229.394531	-74.023437
426797.326583	2.598268	28.580952	0.558697
426798.386554	0.358417	-524.902344	32.324219
426798.388557	0.653754	-524.902344	32.324219
426798.390557	0.940144	-524.902344	32.324219
426798.392557	1.209975	-524.902344	32.324219
426798.394556	1.465540	-524.902344	32.324219
426798.396556	1.715285	-524.902344	32.324219
426798.398555	1.954738	-524.902344	32.324219
426798.400557	2.179973	-524.902344	32.324219
426798.402557	2.404968	-524.902344	32.324219
426798.404556	2.587418	-524.902344	32.324219
426798.406555	2.601509	-524.902344	32.324219
426798.408557	2.596671	28.563377	0.372835
426799.406584	0.969887	-223.925781	-68.554687
426799.408587	1.237429	-223.925781	-68.554687
426799.410586	1.492232	-223.925781	-68.554687
426799.412586	1.740873	-223.925781	-68.554687
426799.414584	1.978491	-223.925781	-68.554687
426799.416586	2.203460	-223.925781	-68.554687
426799.418587	2.427692	-223.925781	-68.554687
426799.420585	2.594560	-223.925781	-68.554687
426799.422585	2.600114	-223.925781	-68.554687
426799.424586	2.595326	28.548586	0.440454
426800.483482	0.322622	-520.312500	28.320312
426800.485485	0.619403	-520.312500	28.320312
426800.489484	0.917566	-520.312500	28.320312
426800.493482	1.686492	-520.312500	28.320312
426800.495484	1.927248	-520.312500	28.320312
426800.497486	2.153677	-520.312500	28.320312
426800.499484	2.378795	-520.312500	28.320312
426800.501486	2.575332	-520.312500	28.320312
426800.503485	2.602327	-520.312500	28.320312
426800.505487	2.597116	28.568275	0.386114
426801.501527	0.655293	-221.484375	-60.253906
426801.503530	0.941369	-221.484375	-60.253906
426801.505529	1.211002	-221.484375	-60.253906
426801.507528	1.466326	-221.484375	-60.253906
426801.509529	1.715923	-221.484375	-60.253906
426801.511529	1.955119	-221.484375	-60.253906
426801.513530	2.180130	-221.484375	-60.253906
426801.515530	2.404897	-221.484375	-60.253906
426801.519529	2.600091	-221.484375	-60.253906
426801.521531	2.595274	-221.484375	-60.253906
426801.523532	2.591966	28.511631	0.450633
426802.581524	0.457043	-520.019531	28.027344
426802.583525	0.749479	-520.019531	28.027344
426802.585525	1.031406	-520.019531	28.027344
426802.587525	1.294437	-520.019531	28.027344
426802.589525	1.548501	-520.019531	28.027344
426802.591526	1.795029	-520.019531	28.027344
426802.593526	2.029341	-520.019531	28.027344
426802.595526	2.037009	-520.019531	28.027344
426802.597524	2.477421	-520.019531	28.027344
426802.599524	2.603791	-520.019531	28.027344
426802.601525	2.599241	28.591656	0.406986
426803.597509	0.482517	-216.992187	-47.753906
426803.601509	1.055121	-216.992187	-47.753906
426803.603513	1.316365	-216.992187	-47.753906
426803.605512	1.569955	-216.992187	-47.753906
426803.607511	1.815537	-216.992187	-47.753906
426803.609511	2.048472	-216.992187	-47.753906
426803.611511	2.273313	-216.992187	-47.753906
426803.613509	2.495678	-216.992187	-47.753906
426803.615512	2.603981	-216.992187	-47.753906
426803.617511	2.598287	28.581154	0.474706
426804.646019	0.473988	-519.824219	31.054687
426804.648022	0.766029	-519.824219	31.054687
426804.650021	1.047043	-519.824219	31.054687
426804.652020	1.308916	-519.824219	31.054687
426804.654021	1.562715	-519.824219	31.054687
426804.656020	1.808653	-519.824219	31.054687
426804.658021	2.042016	-519.824219	31.054687
426804.662023	2.489989	-519.824219	31.054687
426804.664026	2.603990	-519.824219	31.054687
426804.668023	2.594213	28.536346	0.472827
426805.698100	0.977093	-199.316406	-19.238281
426805.700102	1.244123	-199.316406	-19.238281
426805.702103	1.498896	-199.316406	-19.238281
426805.706100	1.984616	-199.316406	-19.238281
426805.708102	2.209606	-199.316406	-19.238281
426805.710104	2.433671	-199.316406	-19.238281
426805.712103	2.596306	-199.316406	-19.238281
426805.714103	2.600126	-199.316406	-19.238281
426805.716102	2.595270	28.547974	0.506573
426806.742181	0.324185	-517.871094	27.636719
426806.744182	0.620767	-517.871094	27.636719
426806.746183	0.908405	-517.871094	27.636719
426806.748183	1.180528	-517.871094	27.636719
426806.750183	1.436506	-517.871094	27.636719
426806.752184	1.687137	-517.871094	27.636719
426806.754183	1.927840	-517.871094	27.636719
426806.756182	2.154100	-517.871094	27.636719
426806.758185	2.379194	-517.871094	27.636719
426806.760184	2.575142	-517.871094	27.636719
426806.762182	2.601562	-517.871094	27.636719
426806.764183	2.596378	28.560160	0.476278
426807.758225	0.361170	-236.718750	-43.750000
426807.762223	0.942142	-236.718750	-43.750000
426807.764225	1.211594	-236.718750	-43.750000
426807.766224	1.466802	-236.718750	-43.750000
426807.768227	1.716326	-236.718750	-43.750000
426807.770226	1.955442	-236.718750	-43.750000
426807.772228	2.180376	-236.718750	-43.750000
426807.774231	2.405765	-236.718750	-43.750000
426807.776230	2.586647	-236.718750	-43.750000
426807.778230	2.599772	-236.718750	-43.750000
426807.780231	2.594875	28.543623	0.533365
426808.840257	0.463465	-515.917969	27.734375
426808.842260	0.755752	-515.917969	27.734375
426808.844260	1.037330	-515.917969	27.734375
426808.846259	1.299931	-515.917969	27.734375
426808.848259	1.553800	-515.917969	27.734375
426808.850258	1.800169	-515.917969	27.734375
426808.854258	2.259124	-515.917969	27.734375
426808.856260	2.481975	-515.917969	27.734375
426808.858261	2.604177	-515.917969	27.734375
426808.860259	2.599076	28.589830	0.474347
426809.856284	0.495425	-231.738281	-35.449219
426809.858286	0.786786	-231.738281	-35.449219
426809.860285	1.066781	-231.738281	-35.449219
426809.862285	1.076241	-231.738281	-35.449219
426809.864285	1.580433	-231.738281	-35.449219
426809.866285	1.825602	-231.738281	-35.449219
426809.868284	2.057778	-231.738281	-35.449219
426809.870284	2.282636	-231.738281	-35.449219
426809.874283	2.603562	-231.738281	-35.449219
426809.876284	2.597729	-231.738281	-35.449219
426809.878285	2.593651	28.530161	0.546006
426810.938271	0.590098	-516.601562	27.050781
426810.940272	0.879099	-516.601562	27.050781
426810.942272	1.153295	-516.601562	27.050781
426810.944274	1.409879	-516.601562	27.050781
426810.946273	1.661433	-516.601562	27.050781
426810.948274	1.903200	-516.601562	27.050781
426810.950273	2.130956	-516.601562	27.050781
426810.952273	2.355808	-516.601562	27.050781
426810.954272	2.561646	-516.601562	27.050781
426810.956273	2.602070	-516.601562	27.050781
426810.958271	2.596561	28.562170	0.760798
426811.954275	0.619030	-227.636719	-31.152344
426811.956278	0.906595	-227.636719	-31.152344
426811.958279	1.178666	-227.636719	-31.152344
426811.960279	1.434479	-227.636719	-31.152344
426811.962278	1.685101	-227.636719	-31.152344
426811.964279	1.925761	-227.636719	-31.152344
426811.966279	2.151988	-227.636719	-31.152344
426811.968278	2.376883	-227.636719	-31.152344
426811.970277	2.573298	-227.636719	-31.152344
426811.974277	2.594994	-227.636719	-31.152344
426811.976278	2.591600	28.507605	0.919853
426813.034242	0.417268	-514.160156	27.050781
426813.036244	0.710630	-514.160156	27.050781
426813.038243	0.994268	-514.160156	27.050781
426813.040245	1.260125	-514.160156	27.050781
426813.042243	1.514502	-514.160156	27.050781
426813.044244	1.762496	-514.160156	27.050781
426813.046243	1.998796	-514.160156	27.050781
426813.048245	2.011509	-514.160156	27.050781
426813.050244	2.447566	-514.160156	27.050781
426813.052244	2.601274	-514.160156	27.050781
426813.056243	2.597167	-514.160156	27.050781
426813.058244	2.594105	28.535158	0.483269
426814.052217	0.734628	-219.042969	-26.953125
426814.054222	1.017083	-219.042969	-26.953125
426814.056222	1.281264	-219.042969	-26.953125
426814.058221	1.535167	-219.042969	-26.953125
426814.060222	1.782227	-219.042969	-26.953125
426814.062222	2.017089	-219.042969	-26.953125
426814.064223	2.242024	-219.042969	-26.953125
426814.066229	2.465279	-219.042969	-26.953125
426814.068232	2.605177	-219.042969	-26.953125
426814.070233	2.602206	-219.042969	-26.953125
426814.072233	2.597865	28.576511	0.577640
426815.132224	0.539375	-513.183594	26.562500
426815.134225	0.830081	-513.183594	26.562500
426815.136224	1.107997	-513.183594	26.562500
426815.138225	1.365551	-513.183594	26.562500
426815.140225	1.618669	-513.183594	26.562500
426815.144225	2.092360	-513.183594	26.562500
426815.146226	2.317334	-513.183594	26.562500
426815.148224	2.534572	-513.183594	26.562500
426815.150225	2.604614	-513.183594	26.562500
426815.152227	2.598706	28.585764	0.559376
426816.146270	0.274975	-213.964844	-25.390625
426816.148271	0.573523	-213.964844	-25.390625
426816.150273	0.863056	-213.964844	-25.390625
426816.152272	1.138322	-213.964844	-25.390625
426816.154274	1.395049	-213.964844	-25.390625
426816.156272	1.646897	-213.964844	-25.390625
426816.158272	1.656585	-213.964844	-25.390625
426816.160272	2.117603	-213.964844	-25.390625
426816.162272	2.342413	-213.964844	-25.390625
426816.164273	2.552394	-213.964844	-25.390625
426816.166273	2.601234	-213.964844	-25.390625
426816.168273	2.595459	28.550047	0.587753
426817.228176	0.361703	-503.710937	23.925781
426817.230178	0.656737	-503.710937	23.925781
426817.232180	0.942785	-503.710937	23.925781
426817.234180	1.212337	-503.710937	23.925781
426817.236185	1.467672	-503.710937	23.925781
426817.238188	1.718132	-503.710937	23.925781
426817.240187	1.957420	-503.710937	23.925781
426817.242188	2.182445	-503.710937	23.925781
426817.244188	2.407244	-503.710937	23.925781
426817.246188	2.587735	-503.710937	23.925781
426817.250185	2.595593	-503.710937	23.925781
426817.254186	2.590022	28.490246	0.495697
426818.244259	0.402592	-199.902344	-25.292969
426818.246260	0.696151	-199.902344	-25.292969
426818.248259	0.980320	-199.902344	-25.292969
426818.250260	1.246914	-199.902344	-25.292969
426818.252260	1.501369	-199.902344	-25.292969
426818.254261	1.749557	-199.902344	-25.292969
426818.256260	1.986581	-199.902344	-25.292969
426818.258260	2.211486	-199.902344	-25.292969
426818.260260	2.435331	-199.902344	-25.292969
426818.262259	2.595747	-199.902344	-25.292969
426818.264260	2.598541	-199.902344	-25.292969
426818.266261	2.593899	28.532888	0.564977
426819.328346	0.801557	-501.757812	23.144531
426819.330347	1.080855	-501.757812	23.144531
426819.334346	1.593606	-501.757812	23.144531
426819.336348	1.838340	-501.757812	23.144531
426819.338347	2.069985	-501.757812	23.144531
426819.340347	2.294995	-501.757812	23.144531
426819.342347	2.515658	-501.757812	23.144531
426819.344346	2.604067	-501.757812	23.144531
426819.346347	2.598068	28.578743	0.480088
426820.342267	0.529450	-198.828125	-26.953125
426820.344270	0.820118	-198.828125	-26.953125
426820.346268	1.098437	-198.828125	-26.953125
426820.348270	1.356372	-198.828125	-26.953125
426820.350271	1.609490	-198.828125	-26.953125
426820.352270	1.853332	-198.828125	-26.953125
426820.354268	2.084068	-198.828125	-26.953125
426820.356270	2.308833	-198.828125	-26.953125
426820.358270	2.527128	-198.828125	-26.953125
426820.362269	2.596513	-198.828125	-26.953125
426820.364271	2.592782	28.520607	0.575602
426821.390204	0.434271	-507.617187	24.121094
426821.392205	0.726964	-507.617187	24.121094
426821.394205	1.009663	-507.617187	24.121094
426821.396206	1.274155	-507.617187	24.121094
426821.398204	1.528186	-507.617187	24.121094
426821.402203	2.010881	-507.617187	24.121094
426821.404205	2.235675	-507.617187	24.121094
426821.406205	2.458884	-507.617187	24.121094
426821.408205	2.600663	-507.617187	24.121094
426821.410205	2.598128	-507.617187	24.121094
426821.412204	2.593764	28.531403	0.634192
426822.438214	0.350650	-185.156250	-18.554687
426822.440216	0.646040	-185.156250	-18.554687
426822.442216	0.932483	-185.156250	-18.554687
426822.444217	1.202728	-185.156250	-18.554687
426822.446217	1.458224	-185.156250	-18.554687
426822.448216	1.707966	-185.156250	-18.554687
426822.450216	1.947783	-185.156250	-18.554687
426822.452216	2.172894	-185.156250	-18.554687
426822.456216	2.583831	-185.156250	-18.554687
426822.458215	2.600583	-185.156250	-18.554687
426822.460215	2.595596	28.551554	0.548996
426823.490272	0.859122	-504.882812	21.679687
426823.492274	1.134762	-504.882812	21.679687
426823.494273	1.391558	-504.882812	21.679687
426823.496274	1.643599	-504.882812	21.679687
426823.498273	1.651353	-504.882812	21.679687
426823.502272	2.339472	-504.882812	21.679687
426823.504275	2.550745	-504.882812	21.679687
426823.506274	2.602145	-504.882812	21.679687
426823.508272	2.596364	28.559999	0.762475
426824.536289	0.486306	-178.515625	-8.007812
426824.538291	0.777979	-178.515625	-8.007812
426824.540290	0.788635	-178.515625	-8.007812
426824.542291	1.319306	-178.515625	-8.007812
426824.544291	1.572886	-178.515625	-8.007812
426824.546290	1.818362	-178.515625	-8.007812
426824.548297	2.051110	-178.515625	-8.007812
426824.550300	2.277215	-178.515625	-8.007812
426824.552300	2.499375	-178.515625	-8.007812
426824.554299	2.604259	-178.515625	-8.007812
426824.556300	2.598391	28.582296	0.503300
426825.586324	0.700653	-499.414062	19.140625
426825.588323	0.984564	-499.414062	19.140625
426825.590323	1.250980	-499.414062	19.140625
426825.592322	1.505302	-499.414062	19.140625
426825.594322	1.753521	-499.414062	19.140625
426825.596322	1.990248	-499.414062	19.140625
426825.598323	2.215140	-499.414062	19.140625
426825.600323	2.439004	-499.414062	19.140625
426825.602323	2.597004	-499.414062	19.140625
426825.604322	2.599066	-499.414062	19.140625
426825.606323	2.594349	28.537844	0.631365
426826.634319	0.616457	-177.929687	-8.203125
426826.636320	0.904190	-177.929687	-8.203125
426826.638322	1.176566	-177.929687	-8.203125
426826.640321	1.432558	-177.929687	-8.203125
426826.644318	1.924054	-177.929687	-8.203125
426826.646319	2.150586	-177.929687	-8.203125
426826.648319	2.375492	-177.929687	-8.203125
426826.652318	2.600916	-177.929687	-8.203125
426826.654319	2.595730	-177.929687	-8.203125
426826.660320	2.587676	28.464436	0.503066
426827.682297	0.529200	-495.410156	17.675781
426827.684300	0.819992	-495.410156	17.675781
426827.686298	1.098314	-495.410156	17.675781
426827.688297	1.356333	-495.410156	17.675781
426827.690300	1.609435	-495.410156	17.675781
426827.692299	1.853419	-495.410156	17.675781
426827.694298	2.084016	-495.410156	17.675781
426827.696299	2.309000	-495.410156	17.675781
426827.698300	2.527508	-495.410156	17.675781
426827.700298	2.603661	-495.410156	17.675781
426827.702299	2.597723	28.574951	0.614533
426828.700262	0.840123	-195.898437	-36.328125
426828.704261	1.374191	-195.898437	-36.328125
426828.706262	1.626739	-195.898437	-36.328125
426828.710261	2.099376	-195.898437	-36.328125
426828.712264	2.324109	-195.898437	-36.328125
426828.714265	2.539257	-195.898437	-36.328125
426828.716263	2.601995	-195.898437	-36.328125
426828.718262	2.596053	28.556587	0.763677
426829.780294	0.653009	-489.746094	16.210937
426829.782295	0.939176	-489.746094	16.210937
426829.784296	1.208963	-489.746094	16.210937
426829.786295	1.464328	-489.746094	16.210937
426829.788295	1.713928	-489.746094	16.210937
426829.790296	1.953414	-489.746094	16.210937
426829.792295	2.178511	-489.746094	16.210937
426829.794295	2.403442	-489.746094	16.210937
426829.796295	2.586190	-489.746094	16.210937
426829.798295	2.600684	-489.746094	16.210937
426829.800294	2.595806	28.553867	0.576080
426830.794329	0.392149	-194.042969	-34.960937
426830.796329	0.685906	-194.042969	-34.960937
426830.798332	0.970387	-194.042969	-34.960937
426830.800331	1.237722	-194.042969	-34.960937
426830.802330	1.492398	-194.042969	-34.960937
426830.804331	1.740827	-194.042969	-34.960937
426830.806332	1.978331	-194.042969	-34.960937
426830.808331	2.203033	-194.042969	-34.960937
426830.810330	2.427219	-194.042969	-34.960937
426830.814330	2.598265	-194.042969	-34.960937
426830.816331	2.593621	-194.042969	-34.960937
426830.818329	2.590466	28.495129	0.675250
426831.878359	0.785149	-459.277344	12.792969
426831.880361	1.065215	-459.277344	12.792969
426831.882360	1.325645	-459.277344	12.792969
426831.884361	1.579300	-459.277344	12.792969
426831.886361	1.824529	-459.277344	12.792969
426831.888362	2.056995	-459.277344	12.792969
426831.890363	2.281907	-459.277344	12.792969
426831.892362	2.503890	-459.277344	12.792969
426831.894365	2.604666	-459.277344	12.792969
426831.896369	2.598847	28.587322	0.506915
426832.892404	1.858520	-195.898437	-29.785156
426832.894405	0.817433	-195.898437	-29.785156
426832.896406	1.095769	-195.898437	-29.785156
426832.898406	1.353794	-195.898437	-29.785156
426832.900405	1.606945	-195.898437	-29.785156
426832.902405	1.850794	-195.898437	-29.785156
426832.904406	2.081471	-195.898437	-29.785156
426832.906405	2.306254	-195.898437	-29.785156
426832.908406	2.525083	-195.898437	-29.785156
426832.910406	2.602393	-195.898437	-29.785156
426832.912405	2.596410	28.560505	0.671647
426833.940440	0.449297	-490.234375	12.890625
426833.942444	0.741484	-490.234375	12.890625
426833.944443	1.023447	-490.234375	12.890625
426833.946442	1.286849	-490.234375	12.890625
426833.948443	1.540674	-490.234375	12.890625
426833.952442	2.021837	-490.234375	12.890625
426833.954444	2.246701	-490.234375	12.890625
426833.956449	2.469721	-490.234375	12.890625
426833.958452	2.602204	-490.234375	12.890625
426833.960453	2.597978	-490.234375	12.890625
426833.962452	2.593659	28.530249	0.751099
426834.988490	0.371178	-184.765625	-17.578125
426834.990496	0.665709	-184.765625	-17.578125
426834.992497	0.952068	-184.765625	-17.578125
426834.996496	1.476002	-184.765625	-17.578125
426835.000495	1.963652	-184.765625	-17.578125
426835.002499	2.188589	-184.765625	-17.578125
426835.004497	2.413107	-184.765625	-17.578125
426835.006498	2.589453	-184.765625	-17.578125
426835.008498	2.599704	-184.765625	-17.578125
426835.010498	2.594838	28.543222	0.657321
426836.036519	0.287542	-479.980469	11.132812
426836.038520	0.585459	-479.980469	11.132812
426836.040522	0.874388	-479.980469	11.132812
426836.042522	1.148802	-479.980469	11.132812
426836.044522	1.405284	-479.980469	11.132812
426836.046522	1.656741	-479.980469	11.132812
426836.048521	1.898559	-479.980469	11.132812
426836.050521	2.126371	-479.980469	11.132812
426836.052521	2.351181	-479.980469	11.132812
426836.054523	2.558179	-479.980469	11.132812
426836.056522	2.560178	-479.980469	11.132812
426836.058522	2.595325	28.548574	0.731710
426837.086595	0.511531	-182.324219	-1.269531
426837.088599	0.802603	-182.324219	-1.269531
426837.090597	1.081624	-182.324219	-1.269531
426837.092598	1.340868	-182.324219	-1.269531
426837.094597	1.349883	-182.324219	-1.269531
426837.096597	1.838585	-182.324219	-1.269531
426837.098597	2.070101	-182.324219	-1.269531
426837.100597	2.294909	-182.324219	-1.269531
426837.102597	2.515427	-182.324219	-1.269531
426837.104597	2.603554	-182.324219	-1.269531
426837.106598	2.597579	28.573364	0.606211
426838.134641	0.434250	-472.460937	10.937500
426838.136642	0.726908	-472.460937	10.937500
426838.138642	1.009621	-472.460937	10.937500
426838.140643	1.274108	-472.460937	10.937500
426838.142643	1.528149	-472.460937	10.937500
426838.144644	1.775464	-472.460937	10.937500
426838.146642	2.010708	-472.460937	10.937500
426838.148644	2.235524	-472.460937	10.937500
426838.150643	2.458830	-472.460937	10.937500
426838.152642	2.600529	-472.460937	10.937500
426838.154642	2.600956	-472.460937	10.937500
426838.156643	2.593701	28.530710	0.661490
426839.184676	0.647306	-180.468750	5.078125
426839.186677	0.933653	-180.468750	5.078125
426839.188677	1.203731	-180.468750	5.078125
426839.190678	1.459080	-180.468750	5.078125
426839.194675	1.948536	-180.468750	5.078125
426839.196676	2.173642	-180.468750	5.078125
426839.198676	2.398573	-180.468750	5.078125
426839.200679	2.583690	-180.468750	5.078125
426839.202684	2.599892	-180.468750	5.078125
426839.204683	2.594832	28.543152	0.532493
426840.231633	0.410387	-469.433594	10.449219
426840.233634	0.703664	-469.433594	10.449219
426840.235635	0.987384	-469.433594	10.449219
426840.237638	1.253512	-469.433594	10.449219
426840.239643	1.508083	-469.433594	10.449219
426840.241641	1.756929	-469.433594	10.449219
426840.243643	1.993452	-469.433594	10.449219
426840.245641	2.218299	-469.433594	10.449219
426840.247643	2.442013	-469.433594	10.449219
426840.249642	2.597485	-469.433594	10.449219
426840.251643	2.598494	-469.433594	10.449219
426840.253644	2.593873	28.532598	0.576950
426841.279680	0.330829	-170.117187	28.613281
426841.281680	0.360159	-170.117187	28.613281
426841.283683	0.914245	-170.117187	28.613281
426841.285680	1.185867	-170.117187	28.613281
426841.287681	1.441580	-170.117187	28.613281
426841.289681	1.691948	-170.117187	28.613281
426841.291682	1.932339	-170.117187	28.613281
426841.293682	2.158264	-170.117187	28.613281
426841.295681	2.383275	-170.117187	28.613281
426841.297681	2.576928	-170.117187	28.613281
426841.299681	2.600631	-170.117187	28.613281
426841.301680	2.595522	28.550739	0.450495
426842.329735	0.549944	-455.273437	10.058594
426842.333734	1.117298	-455.273437	10.058594
426842.335736	1.374531	-455.273437	10.058594
426842.337736	1.627176	-455.273437	10.058594
426842.339736	1.870290	-455.273437	10.058594
426842.341736	2.099909	-455.273437	10.058594
426842.343736	2.324691	-455.273437	10.058594
426842.345738	2.540094	-455.273437	10.058594
426842.347736	2.603391	-455.273437	10.058594
426842.349736	2.597491	28.572399	0.586619
426843.377801	0.475735	-157.421875	56.152344
426843.379803	0.767567	-157.421875	56.152344
426843.381802	1.048445	-157.421875	56.152344
426843.383804	1.310100	-157.421875	56.152344
426843.385803	1.563771	-157.421875	56.152344
426843.387802	1.809594	-157.421875	56.152344
426843.389803	2.042875	-157.421875	56.152344
426843.391802	2.267840	-157.421875	56.152344
426843.393802	2.490356	-157.421875	56.152344
426843.395803	2.604012	-157.421875	56.152344
426843.397802	2.598532	28.583857	0.383103
426844.425845	0.395448	-439.843750	11.132812
426844.427849	0.689308	-439.843750	11.132812
426844.429847	0.973801	-439.843750	11.132812
426844.431848	1.240946	-439.843750	11.132812
426844.433848	1.495663	-439.843750	11.132812
426844.435847	1.744235	-439.843750	11.132812
426844.437848	1.981529	-439.843750	11.132812
426844.439847	2.206483	-439.843750	11.132812
426844.441848	2.430676	-439.843750	11.132812
426844.443846	2.595355	-439.843750	11.132812
426844.445848	2.599750	-439.843750	11.132812
426844.447846	2.594934	28.544270	0.438513
426845.443870	0.720235	-192.578125	-21.191406
426845.445871	1.003188	-192.578125	-21.191406
426845.447873	1.268234	-192.578125	-21.191406
426845.449872	1.522359	-192.578125	-21.191406
426845.451872	1.769798	-192.578125	-21.191406
426845.453871	2.005464	-192.578125	-21.191406
426845.455873	2.230360	-192.578125	-21.191406
426845.457871	2.453688	-192.578125	-21.191406
426845.459870	2.600249	-192.578125	-21.191406
426845.463869	2.594213	-192.578125	-21.191406
426845.465872	2.591311	28.504416	0.491429
426846.489826	0.335761	-483.984375	11.621094
426846.491826	0.631425	-483.984375	11.621094
426846.493826	0.918442	-483.984375	11.621094
426846.495827	1.189573	-483.984375	11.621094
426846.497828	1.445287	-483.984375	11.621094
426846.499827	1.695286	-483.984375	11.621094
426846.501828	1.935552	-483.984375	11.621094
426846.503829	2.161220	-483.984375	11.621094
426846.505826	2.386031	-483.984375	11.621094
426846.507825	2.577762	-483.984375	11.621094
426846.509826	2.599612	-483.984375	11.621094
426846.511825	2.594543	28.539970	0.586201
426847.539841	0.549539	-183.984375	10.937500
426847.541844	0.839916	-183.984375	10.937500
426847.543844	1.116869	-183.984375	10.937500
426847.545844	1.374129	-183.984375	10.937500
426847.547851	1.626996	-183.984375	10.937500
426847.549850	1.870900	-183.984375	10.937500
426847.551850	2.100496	-183.984375	10.937500
426847.553851	2.325256	-183.984375	10.937500
426847.555850	2.540287	-183.984375	10.937500
426847.557852	2.602392	-183.984375	10.937500
426847.559852	2.596459	28.561045	0.508810
426848.587766	0.452989	-474.023437	9.765625
426848.589769	0.745246	-474.023437	9.765625
426848.591769	1.027036	-474.023437	9.765625
426848.593769	1.290216	-474.023437	9.765625
426848.595771	1.544016	-474.023437	9.765625
426848.597770	1.790649	-474.023437	9.765625
426848.599770	2.025025	-474.023437	9.765625
426848.601770	2.249893	-474.023437	9.765625
426848.603777	2.472726	-474.023437	9.765625
426848.605776	2.602226	-474.023437	9.765625
426848.607775	2.597776	28.575535	0.585653
426849.635835	0.376214	-171.191406	36.621094
426849.637837	0.670599	-171.191406	36.621094
426849.639837	0.955934	-171.191406	36.621094
426849.641838	1.224360	-171.191406	36.621094
426849.643836	1.479352	-171.191406	36.621094
426849.645837	1.728361	-171.191406	36.621094
426849.647836	1.966858	-171.191406	36.621094
426849.649837	2.191743	-171.191406	36.621094
426849.651836	2.416279	-171.191406	36.621094
426849.653836	2.590365	-171.191406	36.621094
426849.655835	2.591353	-171.191406	36.621094
426849.657838	2.594490	28.539385	0.494745
426850.683881	0.295216	-458.789062	9.375000
426850.687880	0.881514	-458.789062	9.375000
426850.689881	1.155374	-458.789062	9.375000
426850.691883	1.411697	-458.789062	9.375000
426850.693882	1.663140	-458.789062	9.375000
426850.695885	1.904657	-458.789062	9.375000
426850.697882	2.132233	-458.789062	9.375000
426850.699881	2.357003	-458.789062	9.375000
426850.701882	2.365574	-458.789062	9.375000
426850.703884	2.601186	-458.789062	9.375000
426850.705883	2.595579	28.551369	0.592272
426851.735933	0.807364	-175.390625	30.175781
426851.737936	1.086198	-175.390625	30.175781
426851.739937	1.345151	-175.390625	30.175781
426851.741935	1.598426	-175.390625	30.175781
426851.743934	1.842710	-175.390625	30.175781
426851.745935	2.074115	-175.390625	30.175781
426851.747933	2.298923	-175.390625	30.175781
426851.749937	2.519017	-175.390625	30.175781
426851.751940	2.603733	-175.390625	30.175781
426851.753941	2.597774	28.575508	0.444664
426852.781965	0.437716	-455.175781	8.789062
426852.785965	1.012717	-455.175781	8.789062
426852.787969	1.277008	-455.175781	8.789062
426852.789968	1.531285	-455.175781	8.789062
426852.791966	1.778485	-455.175781	8.789062
426852.793969	2.013670	-455.175781	8.789062
426852.795967	2.238529	-455.175781	8.789062
426852.797967	2.461708	-455.175781	8.789062
426852.799968	2.601551	-455.175781	8.789062
426852.801968	2.598732	-455.175781	8.789062
426852.803968	2.594294	28.537231	0.517335
426853.830015	0.359598	-156.250000	69.628906
426853.832019	0.654579	-156.250000	69.628906
426853.834017	0.940581	-156.250000	69.628906
426853.836018	1.210204	-156.250000	69.628906
426853.838018	1.465509	-156.250000	69.628906
426853.840017	1.715039	-156.250000	69.628906
426853.842017	1.954387	-156.250000	69.628906
426853.844017	2.179411	-156.250000	69.628906
426853.846019	2.404317	-156.250000	69.628906
426853.850016	2.600182	-156.250000	69.628906
426853.852018	2.595295	-156.250000	69.628906
426853.854018	2.591994	28.511929	0.394214
426854.878050	0.275871	-455.175781	8.789062
426854.880052	0.574401	-455.175781	8.789062
426854.882052	0.863904	-455.175781	8.789062
426854.884052	1.139141	-455.175781	8.789062
426854.886052	1.395753	-455.175781	8.789062
426854.888050	1.647683	-455.175781	8.789062
426854.890052	1.656918	-455.175781	8.789062
426854.892051	2.118382	-455.175781	8.789062
426854.894052	2.343184	-455.175781	8.789062
426854.896052	2.553099	-455.175781	8.789062
426854.898053	2.601356	-455.175781	8.789062
426854.900052	2.595751	28.553257	0.468673
426855.896039	0.601243	-195.800781	1.464844
426855.898039	0.889469	-195.800781	1.464844
426855.900039	1.162722	-195.800781	1.464844
426855.902041	1.418810	-195.800781	1.464844
426855.904039	1.669792	-195.800781	1.464844
426855.906039	1.910946	-195.800781	1.464844
426855.908041	2.137987	-195.800781	1.464844
426855.910039	2.362708	-195.800781	1.464844
426855.912040	2.565077	-195.800781	1.464844
426855.914039	2.599723	-195.800781	1.464844
426855.916041	2.594312	28.537437	0.854345
426856.978026	0.694532	-445.703125	9.375000
426856.980027	0.978814	-445.703125	9.375000
426856.982028	1.245668	-445.703125	9.375000
426856.984027	1.500314	-445.703125	9.375000
426856.986028	1.748646	-445.703125	9.375000
426856.988028	1.985812	-445.703125	9.375000
426856.990029	2.210787	-445.703125	9.375000
426856.992033	2.434917	-445.703125	9.375000
426856.994036	2.596455	-445.703125	9.375000
426856.996036	2.599436	-445.703125	9.375000
426856.998036	2.594631	28.540945	0.403219
426857.992012	0.427131	-180.761719	26.562500
426857.994013	0.719892	-180.761719	26.562500
426857.996014	1.002769	-180.761719	26.562500
426857.998015	1.267690	-180.761719	26.562500
426858.000012	1.521755	-180.761719	26.562500
426858.002013	1.769315	-180.761719	26.562500
426858.004014	2.004965	-180.761719	26.562500
426858.006014	2.229815	-180.761719	26.562500
426858.008013	2.453083	-180.761719	26.562500
426858.010014	2.599446	-180.761719	26.562500
426858.012013	2.597848	-180.761719	26.562500
426858.014013	2.593414	28.527555	0.533288
426859.040057	0.347310	-461.328125	9.765625
426859.042058	0.642566	-461.328125	9.765625
426859.044059	0.929058	-461.328125	9.765625
426859.046060	1.199392	-461.328125	9.765625
426859.048061	1.454781	-461.328125	9.765625
426859.052058	1.944433	-461.328125	9.765625
426859.054060	2.169500	-461.328125	9.765625
426859.056061	2.394387	-461.328125	9.765625
426859.058060	2.581580	-461.328125	9.765625
426859.060065	2.599250	-461.328125	9.765625
426859.062070	2.594287	28.537153	0.662692
426860.092073	0.849458	-163.867187	50.878906
426860.094076	0.872413	-163.867187	50.878906
426860.096078	1.382872	-163.867187	50.878906
426860.098076	1.635261	-163.867187	50.878906
426860.100079	1.878080	-163.867187	50.878906
426860.102079	2.107420	-163.867187	50.878906
426860.104080	2.332207	-163.867187	50.878906
426860.106079	2.545645	-163.867187	50.878906
426860.108080	2.602165	-163.867187	50.878906
426860.110078	2.596341	28.559753	0.617305
426861.140132	0.775865	-471.289062	10.156250
426861.142134	1.056335	-471.289062	10.156250
426861.144135	1.317262	-471.289062	10.156250
426861.146134	1.570810	-471.289062	10.156250
426861.148136	1.816227	-471.289062	10.156250
426861.152133	2.273903	-471.289062	10.156250
426861.154135	2.496166	-471.289062	10.156250
426861.156134	2.602824	-471.289062	10.156250
426861.158136	2.597083	28.567913	0.600672
426862.186171	1.510855	-160.351562	59.179687
426862.188174	0.698635	-160.351562	59.179687
426862.190172	0.982667	-160.351562	59.179687
426862.192172	1.249143	-160.351562	59.179687
426862.194172	1.503624	-160.351562	59.179687
426862.196172	1.751792	-160.351562	59.179687
426862.198172	1.988700	-160.351562	59.179687
426862.200173	2.213737	-160.351562	59.179687
426862.202172	2.437522	-160.351562	59.179687
426862.204174	2.596672	-160.351562	59.179687
426862.206173	2.599010	-160.351562	59.179687
426862.208173	2.594347	28.537817	0.412588
426863.234214	0.324751	-457.324219	12.207031
426863.236216	0.621037	-457.324219	12.207031
426863.238217	0.908460	-457.324219	12.207031
426863.240217	1.180374	-457.324219	12.207031
426863.242216	1.436176	-457.324219	12.207031
426863.244218	1.686685	-457.324219	12.207031
426863.246216	1.927293	-457.324219	12.207031
426863.248216	2.153451	-457.324219	12.207031
426863.250218	2.378334	-457.324219	12.207031
426863.252216	2.574049	-457.324219	12.207031
426863.254216	2.600204	-457.324219	12.207031
426863.256216	2.594962	28.544579	0.546003
426864.284289	0.546751	-139.257812	106.250000
426864.286290	0.837152	-139.257812	106.250000
426864.288291	1.114361	-139.257812	106.250000
426864.290290	1.371662	-139.257812	106.250000
426864.292292	1.624493	-139.257812	106.250000
426864.298290	2.322310	-139.257812	106.250000
426864.300291	2.538275	-139.257812	106.250000
426864.302296	2.603400	-139.257812	106.250000
426864.304306	2.597583	28.573408	0.428806
426865.332361	0.473370	-455.664062	13.769531
426865.334363	0.765117	-455.664062	13.769531
426865.336364	1.045959	-455.664062	13.769531
426865.338363	1.307748	-455.664062	13.769531
426865.340363	1.561437	-455.664062	13.769531
426865.342364	1.807320	-455.664062	13.769531
426865.344367	2.040645	-455.664062	13.769531
426865.346370	2.266453	-455.664062	13.769531
426865.348369	2.489052	-455.664062	13.769531
426865.350370	2.603682	-455.664062	13.769531
426865.352371	2.598209	28.580296	0.446922
426866.348935	0.586183	-168.750000	60.839844
426866.350943	0.875056	-168.750000	60.839844
426866.352947	1.150594	-168.750000	60.839844
426866.354945	1.406988	-168.750000	60.839844
426866.356947	1.658412	-168.750000	60.839844
426866.358947	1.669538	-168.750000	60.839844
426866.360945	2.127714	-168.750000	60.839844
426866.362945	2.352566	-168.750000	60.839844
426866.364945	2.558777	-168.750000	60.839844
426866.366944	2.600038	-168.750000	60.839844
426866.368948	2.594548	28.540026	0.542724
426867.428963	0.391547	-452.929687	15.429687
426867.430965	0.685422	-452.929687	15.429687
426867.432966	0.695648	-452.929687	15.429687
426867.434966	1.237587	-452.929687	15.429687
426867.436966	1.492332	-452.929687	15.429687
426867.438966	1.740940	-452.929687	15.429687
426867.440966	1.978574	-452.929687	15.429687
426867.442965	2.203562	-452.929687	15.429687
426867.444966	2.212544	-452.929687	15.429687
426867.446964	2.594405	-452.929687	15.429687
426867.448967	2.599725	-452.929687	15.429687
426867.450966	2.594950	28.544447	0.398821
426868.444934	0.415750	-175.878906	62.988281
426868.446936	0.708934	-175.878906	62.988281
426868.448938	0.992367	-175.878906	62.988281
426868.450936	1.258135	-175.878906	62.988281
426868.452937	1.512315	-175.878906	62.988281
426868.454936	1.760217	-175.878906	62.988281
426868.456937	1.996429	-175.878906	62.988281
426868.458936	2.221324	-175.878906	62.988281
426868.462936	2.598077	-175.878906	62.988281
426868.464935	2.598275	-175.878906	62.988281
426868.468934	2.590587	28.496456	0.476982
