num crossings	time (s)	maj axis (mm)	min axis (mm)	theta (rad )	slope (V/s)
885	932.435871	82.033225	2.601508	-0.536130	11.494925
887	934.522694	81.995650	2.655234	-0.534473	12.237905
889	936.610310	81.938662	2.669547	-0.531747	11.789462
891	938.698321	81.863619	2.706389	-0.530689	11.475246
893	940.785585	81.634193	2.717001	-0.529819	12.092071
895	942.874792	81.535874	2.745257	-0.529477	12.232574
897	944.963799	81.350935	2.770084	-0.529538	11.544815
899	947.054246	80.933199	2.785000	-0.528607	12.079123
901	949.143624	80.961767	2.832427	-0.528837	11.896505
903	951.235506	80.919172	2.867191	-0.527727	11.362739
905	953.327453	80.720178	2.885646	-0.525876	11.994056
907	955.417752	80.697138	2.909693	-0.524121	11.891682
909	957.507113	80.809936	2.935065	-0.523506	11.749664
911	959.594493	80.851084	2.967439	-0.524011	11.968546
913	961.680874	80.730662	2.957485	-0.527711	11.784920
915	963.766646	80.504334	3.019614	-0.530341	11.624678
917	965.853104	80.183010	3.033236	-0.531117	11.662380
919	967.941332	80.042126	3.084924	-0.530661	11.524525
921	970.030886	79.899650	3.119263	-0.529411	11.685178
923	972.121437	79.875494	3.153546	-0.528421	11.629935
925	974.213424	79.599370	3.167889	-0.527216	11.267082
927	976.304053	79.657595	3.200172	-0.526256	11.518535
929	978.395198	79.523906	3.213482	-0.525970	11.344136
931	980.485148	79.448708	3.230515	-0.525401	11.349016
933	982.574829	79.354486	3.254214	-0.525254	11.410790
935	984.663574	79.322734	3.282853	-0.525082	11.452156
937	986.752707	79.260371	3.324008	-0.524779	11.144802
939	988.840481	79.195019	3.339907	-0.523712	11.143354
941	990.928198	79.062277	3.379880	-0.522795	11.372715
943	993.015835	79.010610	3.399115	-0.520712	10.926546
945	995.103096	78.843124	3.427680	-0.519061	11.462271
947	997.191133	78.731133	3.447889	-0.517561	11.002943
949	999.279834	78.437263	3.466042	-0.517120	11.265429
951	1001.370788	78.287363	3.480200	-0.518217	10.976165
953	1003.463423	78.009463	3.477938	-0.520700	10.975330
955	1005.555527	77.973421	3.488970	-0.521798	10.498688
957	1007.648337	77.931418	3.518411	-0.523077	11.008652
959	1009.739792	77.988940	3.579927	-0.523533	11.134115
961	1011.829431	77.702001	3.593217	-0.522342	11.125436
963	1013.918024	77.820881	3.647717	-0.522509	11.034225
965	1016.006813	77.746763	3.691524	-0.521532	10.968843
967	1018.095167	77.650010	3.707581	-0.520213	10.802632
969	1020.183839	77.530131	3.732423	-0.519420	10.570885
971	1022.272970	77.326012	3.753728	-0.518430	10.934196
973	1024.362026	77.255788	3.782940	-0.517832	10.826264
975	1026.452475	77.072070	3.810378	-0.516579	10.835848
977	1028.542356	77.020367	3.836845	-0.515209	10.949646
979	1030.633034	76.902155	3.864744	-0.513948	10.582716
981	1032.722419	76.915472	3.885192	-0.512772	10.786874
983	1034.811190	76.831782	3.909129	-0.512026	10.499783
985	1036.899100	76.913640	3.928654	-0.512877	10.658890
987	1038.984976	76.815480	3.940590	-0.514496	10.482485
989	1041.071620	76.665627	3.981127	-0.516372	10.560109
991	1043.158413	76.509586	4.012489	-0.517638	10.067781
993	1045.245432	76.241146	4.043401	-0.517064	10.779072
995	1047.333535	75.857425	4.070690	-0.518935	10.476832
997	1049.422625	76.045348	4.108638	-0.515177	10.248244
999	1051.513013	75.868213	4.137388	-0.514188	10.502030
1001	1053.602877	75.736079	4.163895	-0.512954	10.530801
1003	1055.693114	75.807858	4.192124	-0.511554	10.201788
1005	1057.782914	75.695662	4.222044	-0.510976	10.039847
1007	1059.871635	75.520554	4.244269	-0.510561	10.452811
1009	1061.961129	75.452487	4.253715	-0.509718	10.029495
1011	1064.050825	75.429100	4.270099	-0.509183	10.556167
1013	1066.139138	75.280610	4.310541	-0.508184	10.025062
1015	1068.227430	75.166386	4.330026	-0.506914	10.342894
1017	1070.315672	75.107926	4.362547	-0.505764	10.269427
1019	1072.404667	74.933005	4.383305	-0.504468	9.954279
1021	1074.493476	74.810486	4.393086	-0.503508	9.846858
1023	1076.582665	74.609725	4.433128	-0.503207	9.922005
1025	1078.673153	74.430518	4.422642	-0.503584	10.017383
1027	1080.764227	74.414548	4.452673	-0.504831	10.160712
1029	1082.857094	74.287777	4.465408	-0.505847	9.822672
1031	1084.947951	74.263496	4.498668	-0.506968	10.286100
1033	1087.040254	74.223092	4.531747	-0.506905	9.824846
1035	1089.130753	74.104656	4.567822	-0.507025	9.968919
1037	1091.220822	74.050270	4.604440	-0.506329	9.742198
1039	1093.310885	73.972765	4.662034	-0.505602	9.810346
1041	1095.399194	73.911026	4.667106	-0.504624	9.765943
1043	1097.488933	73.793487	4.692087	-0.503581	10.084936
1045	1099.578278	73.681561	4.721338	-0.502719	9.524124
1047	1101.667080	73.549322	4.747402	-0.501754	9.819891
1049	1103.756905	73.453002	4.775711	-0.501217	9.949581
1051	1105.845754	73.409801	4.806925	-0.499756	9.895423
1053	1107.935200	73.312852	4.813709	-0.499474	9.852804
1055	1110.024541	73.244117	4.840132	-0.497825	9.659058
1057	1112.113207	73.185368	4.858571	-0.497164	9.518755
1059	1114.200214	73.168055	4.876757	-0.497666	9.288843
1061	1116.287186	73.167857	4.916493	-0.498000	9.658779
1063	1118.373420	72.953490	4.939218	-0.499210	9.568919
1065	1120.460069	72.836218	4.966775	-0.498710	9.396134
1067	1122.546896	72.582955	4.993825	-0.498172	9.508639
1069	1124.634962	72.412351	5.011425	-0.498060	9.481225
1071	1126.724732	72.390545	5.046720	-0.496997	9.310418
1073	1128.813043	72.218462	5.056801	-0.497454	9.313024
1075	1130.902539	72.152247	5.099578	-0.495131	9.632913
1077	1132.992161	72.071568	5.110413	-0.494174	9.432690
1079	1135.082020	72.012690	5.149295	-0.494935	9.665900
1081	1137.171410	71.779309	5.158896	-0.492356	8.989631
1083	1139.260041	71.825024	5.196426	-0.491976	9.544696
1085	1141.349899	71.714016	5.209459	-0.490850	9.385692
1087	1143.438367	71.638724	5.230122	-0.490218	9.248559
1089	1145.527002	71.552293	5.256471	-0.489096	9.427021
1091	1147.616195	71.423000	5.283696	-0.488210	9.232376
1093	1149.704880	71.367209	5.304026	-0.487428	8.993659
1095	1151.794465	71.198177	5.309427	-0.486825	8.878252
1097	1153.885247	70.892270	5.316057	-0.486434	9.020593
1099	1155.975544	70.902490	5.336113	-0.486971	9.357055
1101	1158.066726	70.841227	5.344280	-0.487908	9.415217
1103	1160.158022	70.813980	5.364059	-0.488566	9.228344
1105	1162.249277	70.741989	5.401906	-0.488925	9.128081
1107	1164.341079	70.659884	5.428965	-0.488447	9.103024
1109	1166.432370	70.615579	5.459059	-0.487883	9.025420
1111	1168.521628	70.575226	5.491918	-0.486949	8.938881
1113	1170.610381	70.445276	5.520094	-0.486203	9.234966
1115	1172.700096	70.345246	5.545871	-0.485415	8.882128
1117	1174.789163	70.294671	5.596933	-0.484744	8.672374
1119	1176.878585	70.176998	5.589778	-0.483347	9.081235
1121	1178.967890	70.084003	5.615698	-0.482078	8.907849
1123	1181.056593	69.974514	5.639245	-0.481006	9.039399
1125	1183.145746	69.942035	5.664167	-0.479628	9.113302
1127	1185.234973	69.820887	5.676099	-0.479496	8.918098
1129	1187.322607	69.876662	5.707235	-0.478625	8.847493
1131	1189.410695	69.774991	5.718602	-0.478071	8.757529
1133	1191.497703	69.693248	5.744615	-0.478451	8.807063
1135	1193.584452	69.576328	5.758979	-0.478953	8.887761
1137	1195.671213	69.408922	5.789546	-0.479276	8.778188
1139	1197.758043	69.281594	5.820777	-0.479141	8.607671
1141	1199.845625	69.156181	5.848799	-0.478587	8.757465
1143	1201.934066	68.953236	5.871888	-0.477308	8.845372
1145	1204.022224	68.927889	5.912537	-0.476270	8.505252
1147	1206.111647	68.687118	5.928427	-0.475122	8.661360
1149	1208.200801	68.674576	5.954765	-0.474184	8.759704
1151	1210.289205	68.635722	5.980493	-0.473453	8.574213
1153	1212.378984	68.496275	5.997762	-0.472359	8.496163
1155	1214.467646	68.464415	6.034755	-0.471468	8.716436
1157	1216.557121	68.246374	6.049437	-0.469979	8.435015
1159	1218.645689	68.231594	6.072953	-0.469268	8.446730
1161	1220.735053	68.163845	6.103747	-0.468325	8.501839
1163	1222.824569	67.987907	6.119238	-0.467529	8.405749
1165	1224.913598	67.921252	6.156062	-0.466904	8.393103
1167	1227.004450	67.826070	6.171857	-0.466621	8.397896
1169	1229.094544	67.704608	6.204300	-0.466983	8.145684
1171	1231.185978	67.697608	6.212935	-0.466875	8.287056
1173	1233.277273	67.597395	6.214065	-0.467091	8.479539
