time (s)	coil I (A)	last det (V)	int current (uC)
427264.479076	0.433664	-165.722656	301.074219
427264.481077	0.714360	-165.722656	301.074219
427264.483078	0.786399	-165.722656	301.074219
427264.485076	0.783759	8.621347	0.100249
427265.561131	0.540962	-413.378906	3.906250
427265.563132	0.768867	-413.378906	3.906250
427265.565131	0.784538	-413.378906	3.906250
427265.567131	0.782508	8.607594	0.098964
427266.577210	0.579310	-174.609375	255.371094
427266.579216	0.778802	-174.609375	255.371094
427266.581218	0.784029	-174.609375	255.371094
427266.583219	0.782108	8.603189	0.104119
427267.624208	0.342142	-417.480469	3.027344
427267.626210	0.639945	-417.480469	3.027344
427267.628209	0.785828	-417.480469	3.027344
427267.630211	0.784245	8.626691	0.124549
427268.674279	0.565633	-169.628906	258.886719
427268.676282	0.776305	-169.628906	258.886719
427268.678281	0.784714	-169.628906	258.886719
427268.680288	0.782678	8.609464	0.300986
427269.722345	0.491347	-407.226562	-0.585937
427269.724346	0.748419	-407.226562	-0.585937
427269.726345	0.785130	-407.226562	-0.585937
427269.728345	0.782856	8.611413	0.122689
427270.770366	0.409471	-165.332031	249.121094
427270.772368	0.696946	-165.332031	249.121094
427270.774367	0.786924	-165.332031	249.121094
427270.776368	0.784161	8.625770	0.090056
427271.818922	0.405976	-395.507812	-4.492187
427271.820924	0.694039	-395.507812	-4.492187
427271.822924	0.785993	-395.507812	-4.492187
427271.824925	0.783454	8.617989	0.119325
427272.866951	0.322477	-158.300781	281.152344
427272.868951	0.621567	-158.300781	281.152344
427272.870951	0.784951	-158.300781	281.152344
427272.872952	0.784585	8.630440	0.089847
427273.917005	0.544009	-398.046875	-5.273437
427273.919006	0.769797	-398.046875	-5.273437
427273.921007	0.784386	-398.046875	-5.273437
427273.925004	0.781118	8.592297	0.126653
427274.931593	0.362243	-163.085937	239.062500
427274.933594	0.658066	-163.085937	239.062500
427274.935595	0.786783	-163.085937	239.062500
427274.937595	0.784599	8.630591	0.114432
427276.013655	1.736573	-394.628906	-6.347656
427276.015658	0.736948	-394.628906	-6.347656
427276.017657	0.785315	-394.628906	-6.347656
427276.019656	0.782934	8.612272	0.129226
427277.032228	0.779673	-162.304687	248.925781
427277.034231	0.780763	-162.304687	248.925781
427277.036230	0.782454	8.606999	0.394253
427278.110766	0.464276	-383.105469	-7.128906
427278.112767	0.733986	-383.105469	-7.128906
427278.114767	0.786157	-383.105469	-7.128906
427278.116767	0.783650	8.620152	0.114346
427279.126819	0.499496	-159.765625	266.503906
427279.128822	0.752514	-159.765625	266.503906
427279.130823	0.785266	-159.765625	266.503906
427279.132822	0.782930	8.612228	0.122870
427280.206864	0.305586	-386.718750	-7.324219
427280.208870	0.605504	-386.718750	-7.324219
427280.210869	0.783766	-386.718750	-7.324219
427280.212869	0.784925	8.634171	0.099550
427281.224924	0.641657	-159.667969	274.609375
427281.226926	0.785600	-159.667969	274.609375
427281.228926	0.783988	8.623873	0.111708
427282.307507	0.764725	-372.851562	-8.105469
427282.309509	0.784915	-372.851562	-8.105469
427282.311510	0.782728	8.610003	0.083046
427283.321531	0.561906	-158.789062	282.910156
427283.323529	0.775427	-158.789062	282.910156
427283.325532	0.784778	-158.789062	282.910156
427283.327533	0.782750	8.610252	0.266668
427284.404087	0.721819	-375.195312	-7.910156
427284.406089	0.786380	-375.195312	-7.910156
427284.408088	0.783850	8.622349	0.078333
427285.418154	0.484176	-163.867187	281.250000
427285.420156	0.744640	-163.867187	281.250000
427285.422156	0.784999	-163.867187	281.250000
427285.424157	0.782688	8.609570	0.089977
427286.466180	0.401729	-381.152344	-5.468750
427286.468182	0.690985	-381.152344	-5.468750
427286.470183	0.787186	-381.152344	-5.468750
427286.472181	0.784563	8.630192	0.118291
427287.516202	0.615008	-164.062500	301.562500
427287.518206	0.784074	-164.062500	301.562500
427287.520204	0.784170	8.625867	0.093214
427288.562747	0.310930	-384.472656	-2.832031
427288.566748	0.784432	-384.472656	-2.832031
427288.570749	0.783237	-384.472656	-2.832031
427288.572750	0.782024	8.602267	0.108235
427289.612798	0.533118	-168.066406	321.289062
427289.614800	0.766611	-168.066406	321.289062
427289.616800	0.785258	-168.066406	321.289062
427289.618802	0.783075	8.613823	0.094916
427290.661384	0.736276	-381.445312	-1.074219
427290.663385	0.766267	-381.445312	-1.074219
427290.665385	0.784686	-381.445312	-1.074219
427290.667385	0.782618	8.608799	0.105328
427291.677435	0.569837	-169.726562	316.503906
427291.679441	0.777090	-169.726562	316.503906
427291.681439	0.784396	-169.726562	316.503906
427291.683438	0.782392	8.606308	0.344005
427292.758422	0.516748	-396.386719	0.585937
427292.760423	0.759857	-396.386719	0.585937
427292.762421	0.784705	-396.386719	0.585937
427292.764422	0.782602	8.608622	0.105509
427293.773002	0.333399	-158.593750	354.492187
427293.775005	0.631782	-158.593750	354.492187
427293.777004	0.786011	-158.593750	354.492187
427293.779006	0.784938	8.634314	0.122037
427294.855035	0.437358	-387.109375	-0.683594
427294.857035	0.716652	-387.109375	-0.683594
427294.859037	0.785546	-387.109375	-0.683594
427294.861036	0.782996	8.612955	0.095569
427295.871078	0.472824	-148.242187	378.417969
427295.873080	0.738534	-148.242187	378.417969
427295.875081	0.785294	-148.242187	378.417969
427295.877079	0.785165	8.636812	0.096526
427296.953110	0.574156	-382.519531	-3.222656
427296.955111	0.778713	-382.519531	-3.222656
427296.957111	0.785194	-382.519531	-3.222656
427296.959111	0.783202	8.615224	0.098720
427297.935149	0.426206	-157.910156	308.496094
427297.937156	0.443435	-157.910156	308.496094
427297.939159	0.785966	-157.910156	308.496094
427297.941159	0.783309	8.616394	0.112205
427299.050140	0.557241	-371.582031	-8.593750
427299.052143	0.774104	-371.582031	-8.593750
427299.054143	0.784845	-371.582031	-8.593750
427299.056141	0.782754	8.610296	0.113455
427300.032697	0.484281	-158.691406	286.816406
427300.034701	0.744881	-158.691406	286.816406
427300.036700	0.785409	-158.691406	286.816406
427300.038700	0.783049	8.613540	0.096020
427301.113239	0.363603	-366.601562	-10.449219
427301.115241	0.659314	-366.601562	-10.449219
427301.117242	0.786995	-366.601562	-10.449219
427301.119242	0.784781	8.632593	0.141115
427302.131286	0.690230	-163.281250	292.382812
427302.133284	0.785717	-163.281250	292.382812
427302.135285	0.783180	8.614975	0.122465
427303.211304	0.502042	-362.207031	-8.203125
427303.213306	0.753807	-362.207031	-8.203125
427303.215306	0.785443	-362.207031	-8.203125
427303.217307	0.783238	8.615623	0.117278
427304.261361	0.707927	-155.468750	366.113281
427304.263361	0.786330	-155.468750	366.113281
427304.265361	0.783690	8.620585	0.086664
427305.309421	0.643844	-368.945312	-4.785156
427305.311423	0.785991	-368.945312	-4.785156
427305.313424	0.784295	8.627250	0.094732
427306.357994	0.643949	-157.226562	379.589844
427306.359997	0.785731	-157.226562	379.589844
427306.363993	0.782254	8.604793	0.075994
427307.406065	0.569157	-368.554687	-2.148437
427307.410066	0.784030	-368.554687	-2.148437
427307.412068	0.782120	-368.554687	-2.148437
427307.414067	0.780778	8.588556	0.097108
427308.422111	0.602444	-160.253906	376.171875
427308.424115	0.782669	-160.253906	376.171875
427308.426115	0.784005	8.624050	0.099496
427309.504157	0.699274	-378.125000	-2.734375
427309.506159	0.786703	-378.125000	-2.734375
427309.508160	0.784055	8.624609	0.109789
427310.518701	0.521825	-155.761719	388.476562
427310.520703	0.762132	-155.761719	388.476562
427310.522702	0.785014	-155.761719	388.476562
427310.524703	0.782870	8.611572	0.105798
427311.598775	0.329753	-372.656250	-3.906250
427311.600779	0.628329	-372.656250	-3.906250
427311.602778	0.784950	-372.656250	-3.906250
427311.604779	0.784155	8.625708	0.103553
427312.584781	0.740492	-160.644531	353.222656
427312.586783	0.784999	-160.644531	353.222656
427312.588783	0.784898	8.633879	0.117962
427313.697391	0.549165	-372.558594	-3.906250
427313.699393	0.771481	-372.558594	-3.906250
427313.701395	0.784465	-372.558594	-3.906250
427313.703393	0.782436	8.606795	0.188696
427314.679414	0.398782	-157.812500	361.230469
427314.681415	0.688578	-157.812500	361.230469
427314.683415	0.786895	-157.812500	361.230469
427314.685415	0.784253	8.626780	0.121195
427315.795399	0.673882	-367.285156	-3.906250
427315.797399	0.786688	-367.285156	-3.906250
427315.799399	0.784245	8.626700	0.067382
427316.779937	0.782714	-153.417969	377.929687
427316.781939	0.784231	-153.417969	377.929687
427316.783940	0.782363	8.605998	0.116501
427317.860506	0.746886	-377.148437	-3.320312
427317.862508	0.785207	-377.148437	-3.320312
427317.864508	0.782918	8.612095	0.108041
427318.873077	0.301985	-151.757812	392.871094
427318.875082	0.601975	-151.757812	392.871094
427318.877086	0.783233	-151.757812	392.871094
427318.879085	0.784768	-151.757812	392.871094
427318.881086	0.782854	8.611395	0.112044
427319.955708	0.496183	-371.093750	-3.027344
427319.957711	0.750949	-371.093750	-3.027344
427319.959711	0.753534	-371.093750	-3.027344
427319.961711	0.783208	8.615286	0.088020
427320.971756	0.532017	-146.875000	416.796875
427320.973758	0.765867	-146.875000	416.796875
427320.975758	0.784705	-146.875000	416.796875
427320.977759	0.782632	8.608950	0.119861
427322.053808	0.636724	-362.304687	-4.003906
427322.055808	0.786006	-362.304687	-4.003906
427322.059808	0.782943	8.612370	0.642840
427323.069867	0.671021	-152.343750	403.320312
427323.071868	0.786571	-152.343750	403.320312
427323.073869	0.784118	8.625299	0.088317
427324.151919	0.742554	-360.156250	-4.296875
427324.153921	0.785124	-360.156250	-4.296875
427324.155921	0.782803	8.610837	0.083388
427325.167944	0.758252	-148.925781	427.148437
427325.169946	0.785061	-148.925781	427.148437
427325.171947	0.782849	8.611341	0.087196
427326.216009	0.716758	-366.503906	-3.906250
427326.218011	0.786130	-366.503906	-3.906250
427326.220010	0.783549	8.619043	0.112259
427327.262064	0.358759	-155.468750	401.855469
427327.264066	0.654980	-155.468750	401.855469
427327.266066	0.786358	-155.468750	401.855469
427327.268066	0.784178	8.625956	0.086177
427328.312080	0.571698	-356.152344	-5.566406
427328.314082	0.777187	-356.152344	-5.566406
427328.316084	0.784056	-356.152344	-5.566406
427328.318085	0.782144	8.603587	0.104469
427329.360140	0.496939	-156.250000	389.257812
427329.362142	0.751017	-156.250000	389.257812
427329.364143	0.784749	-156.250000	389.257812
427329.366144	0.782588	8.608471	0.083032
427330.408172	0.416600	-341.699219	-8.007812
427330.410175	0.702502	-341.699219	-8.007812
427330.412174	0.787631	-341.699219	-8.007812
427330.416174	0.783429	8.617723	0.092109
427331.424213	0.450619	-158.300781	352.246094
427331.426215	0.725252	-158.300781	352.246094
427331.428215	0.785358	-158.300781	352.246094
427331.430215	0.782931	8.612237	0.107114
427332.508268	0.773937	-339.746094	-11.718750
427332.510268	0.785228	-339.746094	-11.718750
427332.512268	0.783168	8.614851	0.235131
427333.521212	0.428832	-149.804687	378.515625
427333.523222	0.710941	-149.804687	378.515625
427333.525221	0.786164	-149.804687	378.515625
427333.527220	0.783557	8.619131	0.093018
427334.603246	0.530387	-344.042969	-13.085937
427334.605246	0.765195	-344.042969	-13.085937
427334.607248	0.784584	-344.042969	-13.085937
427334.609248	0.782474	8.607212	0.120531
427335.618166	0.398568	-140.625000	417.285156
427335.620167	0.688490	-140.625000	417.285156
427335.622166	0.786989	-140.625000	417.285156
427335.624166	0.784398	8.628375	0.083704
427336.700186	0.498542	-343.457031	-11.523437
427336.702189	0.751975	-343.457031	-11.523437
427336.704189	0.785161	-343.457031	-11.523437
427336.708187	0.781579	8.597366	0.095669
427337.682241	0.352066	-148.437500	383.203125
427337.684241	0.648914	-148.437500	383.203125
427337.686240	0.785959	-148.437500	383.203125
427337.688241	0.784092	8.625017	0.109038
427338.796784	0.416526	-346.289062	-8.398437
427338.802784	0.785348	-346.289062	-8.398437
427338.804786	0.783734	-346.289062	-8.398437
427338.806784	0.782654	8.609198	0.083018
427339.780836	0.566507	-143.554687	418.261719
427339.782839	0.776116	-143.554687	418.261719
427339.784837	0.784227	-143.554687	418.261719
427339.786838	0.782248	8.604731	0.302350
427340.894868	0.554671	-347.363281	-7.226562
427340.896871	0.774602	-347.363281	-7.226562
427340.902869	0.783184	-347.363281	-7.226562
427340.904869	0.782192	8.604110	0.227104
427341.876936	0.411597	-144.140625	432.910156
427341.880937	0.786050	-144.140625	432.910156
427341.882939	0.783432	-144.140625	432.910156
427341.884938	0.781900	8.600902	0.093634
427342.958969	0.512673	-361.425781	-6.152344
427342.962970	0.784432	-361.425781	-6.152344
427342.964977	0.782314	-361.425781	-6.152344
427342.966973	0.780930	8.590232	0.108735
427343.975482	0.618333	-151.171875	419.433594
427343.977484	0.784606	-151.171875	419.433594
427343.979484	0.784386	8.628251	0.562683
427345.056448	0.561278	-345.996094	-5.859375
427345.058450	0.774974	-345.996094	-5.859375
427345.060449	0.784556	-345.996094	-5.859375
427345.062450	0.782520	8.607718	0.268516
427346.072468	0.592182	-155.566406	414.843750
427346.074468	0.781123	-155.566406	414.843750
427346.078468	0.782155	-155.566406	414.843750
427346.080469	0.780975	8.590728	0.434564
427347.121030	0.592663	-355.175781	-5.957031
427347.125033	0.784856	-355.175781	-5.957031
427347.127034	0.782874	-355.175781	-5.957031
427347.129033	0.781749	8.599236	0.442583
427348.169088	0.513767	-151.953125	426.757812
427348.171090	0.758814	-151.953125	426.757812
427348.173090	0.784990	-151.953125	426.757812
427348.175090	0.782859	8.611448	0.092316
427349.217144	0.438023	-354.980469	-7.031250
427349.219146	0.717032	-354.980469	-7.031250
427349.221148	0.785648	-354.980469	-7.031250
427349.225144	0.781552	8.597074	0.116967
427350.266075	0.490084	-149.511719	424.218750
427350.268078	0.747770	-149.511719	424.218750
427350.270079	0.785012	-149.511719	424.218750
427350.272078	0.782813	8.610943	0.089050
427351.314124	0.411187	-345.312500	-8.789062
427351.316128	0.698210	-345.312500	-8.789062
427351.318125	0.786774	-345.312500	-8.789062
427351.320126	0.784098	8.625078	0.100125
427352.332112	0.717898	-155.761719	393.457031
427352.334115	0.785725	-155.761719	393.457031
427352.336116	0.783145	8.614594	0.109763
427353.412154	0.541111	-330.957031	-11.914062
427353.414157	0.769367	-330.957031	-11.914062
427353.416155	0.785133	-330.957031	-11.914062
427353.418155	0.783043	8.613469	0.158077
427354.426222	0.279905	-154.589844	398.339844
427354.428226	0.580931	-154.589844	398.339844
427354.430226	0.779481	-154.589844	398.339844
427354.432225	0.784507	-154.589844	398.339844
427354.434224	0.782554	8.608089	0.097053
427355.508269	0.389186	-326.562500	-12.304687
427355.510271	0.681094	-326.562500	-12.304687
427355.512271	0.787630	-326.562500	-12.304687
427355.514270	0.785063	8.635695	0.090941
427356.524310	0.423936	-153.222656	402.441406
427356.526310	0.707414	-153.222656	402.441406
427356.528312	0.786172	-153.222656	402.441406
427356.530312	0.783410	8.617510	0.101133
427357.606369	0.528499	-322.753906	-11.523437
427357.608371	0.764773	-322.753906	-11.523437
427357.610371	0.785004	-322.753906	-11.523437
427357.612373	0.782872	8.611590	0.078583
427358.626410	0.784718	-150.195312	417.871094
427358.628412	0.782624	-150.195312	417.871094
427358.630412	0.781328	8.594609	0.278749
427359.670493	0.491969	-331.835937	-10.937500
427359.674493	0.785319	-331.835937	-10.937500
427359.676495	0.783105	-331.835937	-10.937500
427359.678495	0.781765	8.599414	0.119388
427360.720525	0.698454	-150.683594	418.554687
427360.722527	0.787465	-150.683594	418.554687
427360.724529	0.784795	8.632744	0.089561
427361.769120	0.700170	-328.710937	-8.984375
427361.771122	0.786580	-328.710937	-8.984375
427361.773120	0.783950	8.623447	0.093924
427362.817159	0.630913	-150.488281	423.925781
427362.819162	0.784948	-150.488281	423.925781
427362.821161	0.783836	8.622198	0.076750
427363.864094	0.387397	-334.863281	-7.812500
427363.866096	0.679609	-334.863281	-7.812500
427363.868098	0.787424	-334.863281	-7.812500
427363.872094	0.783188	8.615073	0.098591
427364.912176	0.311333	-148.144531	442.675781
427364.914176	0.611086	-148.144531	442.675781
427364.916177	0.784096	-148.144531	442.675781
427364.918175	0.784536	8.629890	0.082972
427365.960720	0.304415	-333.789062	-7.128906
427365.962726	0.604380	-333.789062	-7.128906
427365.964730	0.783912	-333.789062	-7.128906
427365.966729	0.785108	8.636191	0.097511
427366.978828	0.650007	-152.050781	433.105469
427366.980829	0.786223	-152.050781	433.105469
427366.982829	0.784241	8.626647	0.104890
427368.060899	0.731669	-339.257812	-7.519531
427368.062900	0.785428	-339.257812	-7.519531
427368.064899	0.782997	8.612972	0.093067
427369.075482	0.573880	-143.359375	459.667969
427369.077482	0.778214	-143.359375	459.667969
427369.079482	0.784693	-143.359375	459.667969
427369.081484	0.782732	8.610057	0.333535
427370.157529	0.675080	-339.941406	-7.324219
427370.159531	0.786109	-339.941406	-7.324219
427370.161531	0.783534	8.618875	0.085999
427371.140089	0.605134	-149.414062	423.437500
427371.144088	0.784436	-149.414062	423.437500
427371.146090	0.782599	8.608585	0.502731
427372.254156	0.596851	-338.476562	-8.593750
427372.256156	0.782591	-338.476562	-8.593750
427372.258157	0.784243	-338.476562	-8.593750
427372.260157	0.782386	8.606246	0.428302
427373.235096	0.285361	-136.523437	464.648437
427373.237098	0.339501	-136.523437	464.648437
427373.239101	0.780353	-136.523437	464.648437
427373.241098	0.784447	-136.523437	464.648437
427373.243098	0.782527	8.607797	0.100618
427374.349077	0.263045	-329.882812	-10.156250
427374.351081	0.565005	-329.882812	-10.156250
427374.353081	0.776153	-329.882812	-10.156250
427374.355082	0.784662	-329.882812	-10.156250
427374.357079	0.782630	8.608932	0.077543
427375.335121	0.703601	-137.109375	454.296875
427375.337124	0.786615	-137.109375	454.296875
427375.339123	0.783980	8.623775	0.080013
427376.417653	0.783147	-332.128906	-12.792969
427376.419656	0.785848	-332.128906	-12.792969
427376.421656	0.783879	8.622668	0.114800
427377.431677	0.627153	-134.179687	463.476562
427377.433678	0.785503	-134.179687	463.476562
427377.435679	0.784810	8.632913	0.078797
427378.513707	0.714087	-319.140625	-16.503906
427378.515708	0.785944	-319.140625	-16.503906
427378.517710	0.783321	8.616535	0.114533
427379.527779	0.472116	-139.355469	448.144531
427379.529781	0.738461	-139.355469	448.144531
427379.531780	0.785847	-139.355469	448.144531
427379.533781	0.783435	8.617785	0.086415
427380.607819	0.273371	-310.546875	-16.894531
427380.609821	0.574841	-310.546875	-16.894531
427380.611820	0.778615	-310.546875	-16.894531
427380.613821	0.785000	-310.546875	-16.894531
427380.615821	0.782993	8.612919	0.092447
427381.623855	0.309737	-142.578125	441.015625
427381.625856	0.609364	-142.578125	441.015625
427381.627856	0.783528	-142.578125	441.015625
427381.629856	0.784239	8.626630	0.103558
427382.673881	0.526428	-317.480469	-15.722656
427382.675883	0.763662	-317.480469	-15.722656
427382.677884	0.784589	-317.480469	-15.722656
427382.679884	0.782465	8.607115	0.118205
427383.721923	0.448028	-144.921875	439.941406
427383.723925	0.723962	-144.921875	439.941406
427383.725925	0.786259	-144.921875	439.941406
427383.727924	0.783694	8.620629	0.091852
427384.770454	0.443209	-317.578125	-12.988281
427384.772456	0.720670	-317.578125	-12.988281
427384.774457	0.785765	-317.578125	-12.988281
427384.776455	0.785680	8.642475	0.094618
427385.820511	0.660931	-144.531250	454.199219
427385.822513	0.786856	-144.531250	454.199219
427385.824514	0.784561	8.630174	0.069421
427386.867095	0.366029	-319.531250	-10.253906
427386.869095	0.661480	-319.531250	-10.253906
427386.871098	0.786668	-319.531250	-10.253906
427386.873097	0.784391	8.628296	0.084785
427387.915154	0.284392	-139.941406	479.296875
427387.917156	0.585376	-139.941406	479.296875
427387.923154	0.784282	-139.941406	479.296875
427387.925156	0.782964	-139.941406	479.296875
427387.927157	0.782044	8.602489	0.074337
427388.965190	0.506578	-327.636719	-8.691406
427388.967192	0.755474	-327.636719	-8.691406
427388.969189	0.784803	-327.636719	-8.691406
427388.971190	0.782637	8.609002	0.090968
427389.980148	0.379573	-148.925781	448.828125
427389.982149	0.390705	-148.925781	448.828125
427389.984152	0.680156	-148.925781	448.828125
427389.986152	0.784644	8.631087	0.091618
427391.028243	2.050639	-345.312500	-8.496094
427391.030248	0.604928	-345.312500	-8.496094
427391.032250	0.783321	-345.312500	-8.496094
427391.034251	0.784413	8.628544	0.129642
427392.080286	0.763127	-145.214844	462.207031
427392.082288	0.785021	-145.214844	462.207031
427392.084289	0.782910	8.612006	0.095635
427393.126877	0.527264	-336.621094	-8.496094
427393.128878	0.764526	-336.621094	-8.496094
427393.130878	0.785451	-336.621094	-8.496094
427393.132878	0.783308	8.616385	0.129144
427394.176919	0.724699	-136.425781	492.480469
427394.178922	0.786103	-136.425781	492.480469
427394.180921	0.783535	8.618884	0.095907
427395.222967	0.370710	-336.425781	-8.789062
427395.224968	0.665421	-336.425781	-8.789062
427395.226970	0.786901	-336.425781	-8.789062
427395.228968	0.784564	8.630201	0.124967
427396.239031	0.409562	-152.050781	440.332031
427396.241032	0.696917	-152.050781	440.332031
427396.243032	0.786394	-152.050781	440.332031
427396.245033	0.783684	8.620523	0.125417
427397.321092	0.515650	-329.003906	-8.886719
427397.323094	0.759860	-329.003906	-8.886719
427397.325094	0.785313	-329.003906	-8.886719
427397.329093	0.781816	8.599980	0.098856
427398.335687	0.333640	-147.265625	458.789062
427398.337688	0.632088	-147.265625	458.789062
427398.339688	0.786178	-147.265625	458.789062
427398.341689	0.785129	8.636422	0.122653
427399.419745	0.720004	-323.144531	-9.082031
427399.421744	0.786321	-323.144531	-9.082031
427399.423744	0.783740	8.621135	0.075925
427400.434287	0.550015	-148.437500	455.761719
427400.436288	0.772074	-148.437500	455.761719
427400.438287	0.784906	-148.437500	455.761719
427400.440288	0.782976	8.612733	0.216020
427401.516838	0.714033	-315.136719	-10.449219
427401.518838	0.724537	-315.136719	-10.449219
427401.520838	0.783491	8.618397	0.060712
427402.533384	0.769420	-143.261719	467.871094
427402.535387	0.785059	-143.261719	467.871094
427402.537388	0.782961	8.612574	0.158243
427403.579422	0.463900	-321.875000	-11.230469
427403.581425	0.733527	-321.875000	-11.230469
427403.583428	0.785549	-321.875000	-11.230469
427403.585428	0.783071	8.613779	0.102378
427404.627494	0.387990	-146.582031	453.710937
427404.629494	0.400057	-146.582031	453.710937
427404.631495	0.786307	-146.582031	453.710937
427404.633495	0.783719	8.620913	0.077046
427405.675521	0.303141	-309.765625	-12.695312
427405.677528	0.603282	-309.765625	-12.695312
427405.679534	0.783014	-309.765625	-12.695312
427405.681533	0.784224	8.626461	0.088253
427406.725569	0.523918	-137.988281	475.976562
427406.727573	0.535224	-137.988281	475.976562
427406.729569	0.785321	-137.988281	475.976562
427406.731571	0.783162	8.614780	0.075409
427407.773657	0.453370	-308.789062	-14.160156
427407.775659	0.727113	-308.789062	-14.160156
427407.777659	0.785509	-308.789062	-14.160156
427407.779659	0.783041	8.613451	0.093262
427408.789711	0.488381	-145.703125	439.941406
427408.791712	0.747053	-145.703125	439.941406
427408.793713	0.785509	-145.703125	439.941406
427408.795712	0.783194	8.615135	0.103047
427409.871772	0.594274	-305.078125	-16.894531
427409.873774	0.782131	-305.078125	-16.894531
427409.875775	0.784801	-305.078125	-16.894531
427409.877774	0.782853	8.611386	0.431249
427410.886279	0.403129	-138.476562	462.792969
427410.888280	0.691963	-138.476562	462.792969
427410.890281	0.786369	-138.476562	462.792969
427410.892281	0.783792	8.621711	0.098846
427411.968322	0.506833	-303.222656	-17.578125
427411.970326	0.756088	-303.222656	-17.578125
427411.972327	0.785453	-303.222656	-17.578125
427411.974326	0.783210	8.615313	0.079956
427412.982917	0.323390	-132.910156	479.980469
427412.984917	0.622526	-132.910156	479.980469
427412.986917	0.784672	-132.910156	479.980469
427412.988919	0.784117	8.625292	0.087588
427414.070956	0.783748	-299.804687	-17.578125
427414.072958	0.782262	8.604881	0.075342
427415.048986	0.573943	-140.917969	447.851562
427415.050987	0.778429	-140.917969	447.851562
427415.052986	0.785029	-140.917969	447.851562
427415.054986	0.783059	8.613647	0.338139
427416.163070	0.570289	-304.394531	-15.722656
427416.165071	0.777639	-304.394531	-15.722656
427416.167071	0.784963	-304.394531	-15.722656
427416.169071	0.782975	8.612724	0.282966
427417.149148	0.785920	-133.496094	477.929687
427417.151149	0.783333	-133.496094	477.929687
427417.153148	0.781874	8.600610	0.086397
427418.259726	0.497473	-309.570312	-13.281250
427418.261727	0.751569	-309.570312	-13.281250
427418.263726	0.785209	-309.570312	-13.281250
427418.265728	0.782966	8.612627	0.073366
427419.241764	0.347601	-128.515625	497.949219
427419.243764	0.644911	-128.515625	497.949219
427419.245764	0.785850	-128.515625	497.949219
427419.247767	0.784080	8.624884	0.073124
427420.325861	0.731458	-325.097656	-11.621094
427420.327864	0.785601	-325.097656	-11.621094
427420.329862	0.783155	8.614700	0.104158
427421.340391	0.566266	-128.808594	499.218750
427421.342393	0.776164	-128.808594	499.218750
427421.344393	0.784388	-128.808594	499.218750
427421.346394	0.782417	8.606583	0.274886
427422.422945	0.725195	-324.609375	-11.425781
427422.428943	0.781676	-324.609375	-11.425781
427422.430946	0.780578	8.586359	0.093536
427423.435903	0.322042	-129.882812	500.781250
427423.437905	0.621137	-129.882812	500.781250
427423.439904	0.785310	-129.882812	500.781250
427423.441906	0.785698	8.642679	0.081150
427424.518458	0.503128	-312.500000	-10.156250
427424.520459	0.754500	-312.500000	-10.156250
427424.522459	0.785726	-312.500000	-10.156250
427424.524460	0.783476	8.618237	0.079774
427425.534480	0.534635	-132.910156	496.093750
427425.536484	0.766831	-132.910156	496.093750
427425.538483	0.784807	-132.910156	496.093750
427425.540482	0.782714	8.609853	0.117669
427426.616494	0.634782	-303.515625	-9.570312
427426.618497	0.786141	-303.515625	-9.570312
427426.620495	0.784851	8.633356	0.616790
427427.600534	0.745988	-146.875000	460.253906
427427.602536	0.785835	-146.875000	460.253906
427427.604537	0.783553	8.619087	0.108758
427428.679052	0.363545	-323.144531	-9.863281
427428.681053	0.659417	-323.144531	-9.863281
427428.683053	0.786934	-323.144531	-9.863281
427428.685053	0.784686	8.631548	0.086161
427429.695099	0.400112	-146.386719	464.355469
427429.697103	0.689762	-146.386719	464.355469
427429.699102	0.787012	-146.386719	464.355469
427429.701104	0.784364	8.628003	0.105993
427430.776067	0.343103	-306.640625	-10.644531
427430.778069	0.641041	-306.640625	-10.644531
427430.780068	0.787031	-306.640625	-10.644531
427430.782068	0.785501	8.640516	0.075412
427431.792089	0.375949	-141.796875	476.855469
427431.794094	0.669945	-141.796875	476.855469
427431.796094	0.786657	-141.796875	476.855469
427431.798094	0.784228	8.626505	0.092296
427432.874147	0.482847	-304.687500	-10.644531
427432.876148	0.744420	-304.687500	-10.644531
427432.878149	0.785931	-304.687500	-10.644531
427432.880150	0.783611	8.619717	0.057806
427433.890698	0.591361	-134.765625	498.144531
427433.892700	0.781461	-134.765625	498.144531
427433.894699	0.784610	-134.765625	498.144531
427433.896701	0.782766	8.610429	0.083207
427434.938707	0.506755	-313.867187	-11.035156
427434.940707	0.755988	-313.867187	-11.035156
427434.942707	0.785530	-313.867187	-11.035156
427434.944707	0.783312	8.616429	0.093815
427435.986728	0.425984	-134.960937	496.972656
427435.988729	0.709016	-134.960937	496.972656
427435.990729	0.786013	-134.960937	496.972656
427435.992729	0.783386	8.617244	0.067708
427437.034799	0.350092	-316.894531	-12.207031
427437.036803	0.647448	-316.894531	-12.207031
427437.038802	0.787693	-316.894531	-12.207031
427437.040800	0.785821	8.644035	0.087166
427438.083798	0.413414	-133.203125	504.980469
427438.085800	0.699855	-133.203125	504.980469
427438.089799	0.783633	-133.203125	504.980469
427438.091802	0.782101	8.603108	0.064791
427439.133836	0.630710	-316.699219	-12.304687
427439.135836	0.786075	-316.699219	-12.304687
427439.137836	0.785075	8.635819	0.079545
427440.147845	0.362905	-145.214844	468.652344
427440.151844	0.787151	-145.214844	468.652344
427440.153847	0.784965	-145.214844	468.652344
427440.155846	0.783270	8.615968	0.091219
427441.228436	0.246456	-312.988281	-11.914062
427441.230438	0.549710	-312.988281	-11.914062
427441.232437	0.772243	-312.988281	-11.914062
427441.234440	0.785330	-312.988281	-11.914062
427441.236439	0.783202	8.615224	0.076266
427442.245010	0.365146	-140.429687	483.007812
427442.247012	0.660636	-140.429687	483.007812
427442.249012	0.787075	-140.429687	483.007812
427442.251011	0.784840	8.633241	0.080156
427443.328012	0.612397	-312.597656	-12.011719
427443.330016	0.783985	-312.597656	-12.011719
427443.334014	0.782438	8.606813	0.075816
427444.342606	0.431612	-129.492187	508.593750
427444.344609	0.713055	-129.492187	508.593750
427444.346608	0.786255	-129.492187	508.593750
427444.348609	0.783603	8.619637	0.074020
427445.424683	0.540407	-311.523437	-12.207031
427445.426685	0.769001	-311.523437	-12.207031
427445.428685	0.784892	-311.523437	-12.207031
427445.430685	0.782809	8.610899	0.131093
427446.439249	0.354896	-122.558594	523.242187
427446.441248	0.651780	-122.558594	523.242187
427446.443248	0.787393	-122.558594	523.242187
427446.445249	0.785395	8.639347	0.067391
427447.521323	0.465100	-306.054687	-13.281250
427447.523324	0.734476	-306.054687	-13.281250
427447.527321	0.783549	-306.054687	-13.281250
427447.529324	0.783501	8.618511	0.067817
427448.503367	0.313921	-130.859375	496.289062
427448.505369	0.613415	-130.859375	496.289062
427448.507369	0.783664	-130.859375	496.289062
427448.509368	0.783936	8.623297	0.085109
427449.619902	0.672658	-307.226562	-13.476562
427449.621905	0.786426	-307.226562	-13.476562
427449.623906	0.783897	8.622863	0.064095
427450.602829	0.656810	-121.093750	522.070312
427450.606827	0.784309	-121.093750	522.070312
427450.608830	0.782689	8.609578	0.072677
427451.684905	0.737654	-311.035156	-14.062500
427451.688905	0.785174	-311.035156	-14.062500
427451.690906	0.781486	8.596347	0.088807
427452.698951	0.505262	-123.828125	515.820312
427452.700949	0.755275	-123.828125	515.820312
427452.702950	0.785443	-123.828125	515.820312
427452.704950	0.783151	8.614656	0.065843
427453.779532	0.392781	-306.933594	-15.820312
427453.781534	0.683995	-306.933594	-15.820312
427453.783534	0.787388	-306.933594	-15.820312
427453.785533	0.784807	8.632877	0.084263
427454.796453	0.557088	-119.531250	530.273437
427454.798456	0.774282	-119.531250	530.273437
427454.802455	0.783002	-119.531250	530.273437
427454.804455	0.781821	8.600034	0.061201
427455.876520	0.368443	-292.187500	-18.945312
427455.878520	0.663629	-292.187500	-18.945312
427455.880521	0.787133	-292.187500	-18.945312
427455.882523	0.784894	8.633835	0.081285
427456.860659	0.531679	-136.328125	471.972656
427456.862663	0.765728	-136.328125	471.972656
427456.864669	0.784722	-136.328125	471.972656
427456.866671	0.782585	8.608436	0.105969
427457.943236	0.703801	-300.000000	-21.289062
427457.947237	0.783764	-300.000000	-21.289062
427457.949239	0.782225	8.604474	0.111616
427458.957258	0.450262	-135.156250	479.882812
427458.959258	0.725422	-135.156250	479.882812
427458.961259	0.786268	-135.156250	479.882812
427458.963259	0.783743	8.621170	0.093827
427460.041334	0.774067	-293.066406	-20.507812
427460.043337	0.784803	-293.066406	-20.507812
427460.045335	0.782791	8.610703	0.234952
427461.053903	0.374638	-136.328125	478.320312
427461.055903	0.669029	-136.328125	478.320312
427461.057904	0.787993	-136.328125	478.320312
427461.059904	0.785651	8.642156	0.090777
427462.135967	0.482110	-286.523437	-17.968750
427462.137970	0.743878	-286.523437	-17.968750
427462.139967	0.785524	-286.523437	-17.968750
427462.141967	0.783282	8.616101	0.072303
427463.151990	2.491432	-135.546875	483.300781
427463.153994	0.758398	-135.546875	483.300781
427463.155991	0.785269	-135.546875	483.300781
427463.157995	0.783119	8.614310	0.085505
427464.234079	0.625033	-281.933594	-15.234375
427464.236081	0.786074	-281.933594	-15.234375
427464.238080	0.786374	8.650114	0.565317
427465.248062	0.353051	-134.960937	487.597656
427465.250062	0.650045	-134.960937	487.597656
427465.252063	0.787298	-134.960937	487.597656
427465.254062	0.785367	8.639036	0.077805
427466.298153	0.579351	-302.441406	-15.136719
427466.300155	0.779769	-302.441406	-15.136719
427466.302154	0.785215	-302.441406	-15.136719
427466.304156	0.783209	8.615294	0.083978
427467.344706	0.272631	-131.542969	504.882812
427467.346708	0.574211	-131.542969	504.882812
427467.348709	0.778867	-131.542969	504.882812
427467.350708	0.785464	-131.542969	504.882812
427467.352710	0.783485	8.618334	0.068221
427468.394718	1.604423	-302.148437	-14.550781
427468.396721	0.748568	-302.148437	-14.550781
427468.398721	0.785671	-302.148437	-14.550781
427468.400720	0.783334	8.616676	0.088472
427469.442759	0.411976	-129.296875	512.304687
427469.444760	0.698825	-129.296875	512.304687
427469.446761	0.786661	-129.296875	512.304687
427469.448760	0.783959	8.623554	0.067185
427470.492827	0.633297	-298.925781	-13.281250
427470.494830	0.786462	-298.925781	-13.281250
427470.496830	0.785368	8.639046	0.621930
427471.509404	0.726041	-138.476562	487.402344
427471.511406	0.785827	-138.476562	487.402344
427471.513406	0.783318	8.616500	0.092132
427472.589414	0.548204	-294.921875	-13.476562
427472.591416	0.771684	-294.921875	-13.476562
427472.593418	0.785186	-294.921875	-13.476562
427472.595417	0.783085	8.613939	0.181228
427473.603995	0.367792	-136.328125	492.480469
427473.606000	0.663054	-136.328125	492.480469
427473.608000	0.787526	-136.328125	492.480469
427473.610004	0.785257	8.637822	0.086954
427474.652018	0.280724	-302.929687	-13.183594
427474.654019	0.581946	-302.929687	-13.183594
427474.656020	0.780080	-302.929687	-13.183594
427474.658020	0.784884	-302.929687	-13.183594
427474.660021	0.782908	8.611989	0.106214
427475.702094	0.507909	-132.714844	504.003906
427475.704097	0.756527	-132.714844	504.003906
427475.706097	0.785566	-132.714844	504.003906
427475.708097	0.783304	8.616341	0.076291
427476.754179	0.786522	-302.539062	-13.476562
427476.756182	0.783932	8.623253	0.089690
427477.798684	0.424851	-126.855469	515.429687
427477.800685	0.708105	-126.855469	515.429687
427477.802686	0.786044	-126.855469	515.429687
427477.804686	0.783452	8.617971	0.066627
427478.848735	0.641604	-298.144531	-15.039062
427478.850737	0.786347	-298.144531	-15.039062
427478.852737	0.784743	8.632169	0.082074
427479.895317	0.345623	-126.660156	516.406250
427479.897318	0.643325	-126.660156	516.406250
427479.899321	0.786750	-126.660156	516.406250
427479.901320	0.785102	8.636121	0.061047
427480.945328	0.558556	-284.472656	-15.917969
427480.947330	0.774598	-284.472656	-15.917969
427480.949330	0.785033	-284.472656	-15.917969
427480.953327	0.782971	8.612680	0.073141
427481.961423	0.600383	-141.015625	473.144531
427481.963425	0.782857	-141.015625	473.144531
427481.965425	0.784389	-141.015625	473.144531
427481.967425	0.782508	8.607594	0.083928
427483.040374	0.240143	-281.445312	-16.308594
427483.042377	0.544017	-281.445312	-16.308594
427483.044377	0.770318	-281.445312	-16.308594
427483.046378	0.785092	-281.445312	-16.308594
427483.048375	0.785029	8.635324	0.072643
427484.058405	0.576536	-131.738281	496.386719
427484.060408	0.779822	-131.738281	496.386719
427484.062408	0.785977	-131.738281	496.386719
427484.064408	0.783959	8.623546	0.322125
427485.106516	0.507671	-289.453125	-19.726562
427485.108518	0.756251	-289.453125	-19.726562
427485.110518	0.785121	-289.453125	-19.726562
427485.112519	0.782966	8.612627	0.104967
427486.158569	0.786379	-128.710937	506.152344
427486.160571	0.783772	8.621490	0.068762
427487.203155	0.430872	-287.109375	-21.289062
427487.207156	0.786284	-287.109375	-21.289062
427487.209160	0.783644	-287.109375	-21.289062
427487.211158	0.782199	8.604190	0.093757
427488.251215	0.353239	-125.976562	512.695312
427488.253218	0.650240	-125.976562	512.695312
427488.255218	0.787148	-125.976562	512.695312
427488.257217	0.785207	8.637273	0.063120
427489.299263	0.271191	-289.160156	-22.167969
427489.301263	0.572809	-289.160156	-22.167969
427489.303265	0.778154	-289.160156	-22.167969
427489.305263	0.784968	-289.160156	-22.167969
427489.307263	0.783029	8.613317	0.095038
427490.317344	0.612528	-125.488281	513.183594
427490.319345	0.784419	-125.488281	513.183594
427490.321347	0.784774	8.632514	0.087582
427491.399423	0.709251	-290.234375	-22.070312
427491.401423	0.786439	-290.234375	-22.070312
427491.403424	0.783804	8.621844	0.081513
427492.415994	0.767947	-121.679687	524.414062
427492.417995	0.784823	-121.679687	524.414062
427492.419995	0.782783	8.610616	0.122736
427493.494063	0.348704	-290.527344	-19.628906
427493.496063	0.646213	-290.527344	-19.628906
427493.498064	0.786848	-290.527344	-19.628906
427493.502062	0.783241	8.615648	0.069853
427494.510138	0.388229	-112.500000	547.363281
427494.512140	0.680449	-112.500000	547.363281
427494.514139	0.684623	-112.500000	547.363281
427494.516138	0.784789	8.632683	0.055346
427495.592150	0.488954	-294.433594	-18.261719
427495.594153	0.747478	-294.433594	-18.261719
427495.596153	0.785658	-294.433594	-18.261719
427495.598153	0.783356	8.616916	0.074481
427496.576690	0.701358	-121.875000	521.972656
427496.578692	0.786832	-121.875000	521.972656
427496.580692	0.784250	8.626754	0.077033
427497.688710	0.402466	-295.898437	-16.113281
427497.690713	0.691791	-295.898437	-16.113281
427497.692712	0.787562	-295.898437	-16.113281
427497.694714	0.784892	8.633817	0.070715
427498.674726	0.770826	-116.796875	532.617187
427498.676729	0.784827	-116.796875	532.617187
427498.682725	0.780481	8.585287	0.166332
427499.786800	0.540422	-291.699219	-15.234375
427499.788802	0.769118	-291.699219	-15.234375
427499.790802	0.785087	-291.699219	-15.234375
427499.792803	0.782994	8.612937	0.123826
427500.768846	0.393469	-117.871094	530.175781
427500.770848	0.684632	-117.871094	530.175781
427500.772847	0.787227	-117.871094	530.175781
427500.774847	0.784619	8.630813	0.069147
427501.850882	0.497108	-303.808594	-15.527344
427501.852883	0.751503	-303.808594	-15.527344
427501.854884	0.785449	-303.808594	-15.527344
427501.856883	0.783223	8.615454	0.087816
427502.865441	0.308519	-117.480469	530.859375
427502.867447	0.330993	-117.480469	530.859375
427502.869454	0.784921	-117.480469	530.859375
427502.871463	0.785708	8.642785	0.071281
427503.949545	0.708284	-294.433594	-14.453125
427503.951546	0.786698	-294.433594	-14.453125
427503.953547	0.784039	8.624432	0.071198
427504.963617	0.463613	-113.964844	541.308594
427504.965617	0.733516	-113.964844	541.308594
427504.967616	0.785891	-113.964844	541.308594
427504.969617	0.783434	8.617776	0.065307
427506.045699	0.572598	-291.113281	-13.964844
427506.047698	0.778810	-291.113281	-13.964844
427506.049699	0.785820	-291.113281	-13.964844
427506.051700	0.783775	8.621525	0.287798
427507.059736	0.308345	-113.964844	540.527344
427507.061741	0.608203	-113.964844	540.527344
427507.063743	0.784064	-113.964844	540.527344
427507.065742	0.784886	8.633746	0.058838
427508.109821	0.535075	-306.738281	-13.867187
427508.111823	0.767672	-306.738281	-13.867187
427508.113823	0.785806	-306.738281	-13.867187
427508.115825	0.783612	8.619735	0.123142
427509.125812	0.560111	-127.343750	512.695312
427509.127813	0.775079	-127.343750	512.695312
427509.129814	0.785070	-127.343750	512.695312
427509.131814	0.783060	8.613655	0.254229
427510.205867	0.369672	-296.191406	-13.574219
427510.207868	0.664645	-296.191406	-13.574219
427510.209867	0.786696	-296.191406	-13.574219
427510.211867	0.784389	8.628278	0.078328
427511.221924	0.406930	-126.269531	516.015625
427511.223927	0.695079	-126.269531	516.015625
427511.225927	0.786993	-126.269531	516.015625
427511.227928	0.784312	8.627427	0.077983
427512.303967	0.510789	-289.550781	-13.671875
427512.305968	0.757965	-289.550781	-13.671875
427512.307968	0.785727	-289.550781	-13.671875
427512.309969	0.783549	8.619043	0.063361
427513.320037	0.549868	-123.144531	522.656250
427513.322038	0.772704	-123.144531	522.656250
427513.326036	0.783656	-123.144531	522.656250
427513.328038	0.782445	8.606894	0.169443
427514.400069	0.354549	-290.429687	-13.964844
427514.402072	0.651485	-290.429687	-13.964844
427514.404070	0.787268	-290.429687	-13.964844
427514.406069	0.785315	8.638461	0.062044
427515.416123	0.387918	-116.406250	535.546875
427515.418122	0.680114	-116.406250	535.546875
427515.420122	0.787392	-116.406250	535.546875
427515.422123	0.784869	8.633560	0.062820
427516.464147	0.304895	-300.878906	-13.964844
427516.466153	0.604945	-300.878906	-13.964844
427516.468150	0.783814	-300.878906	-13.964844
427516.470151	0.784954	8.634490	0.097971
427517.480201	0.342414	-127.636719	509.863281
427517.482203	0.640293	-127.636719	509.863281
427517.484202	0.786628	-127.636719	509.863281
427517.486202	0.785137	8.636501	0.087360
427518.562228	0.446207	-300.195312	-14.257812
427518.564230	0.722592	-300.195312	-14.257812
427518.566230	0.785714	-300.195312	-14.257812
427518.568230	0.783133	8.614461	0.082477
427519.580262	0.742303	-121.093750	523.242187
427519.582265	0.786231	-121.093750	523.242187
427519.586264	0.782355	8.605901	0.076115
427520.658332	0.285420	-295.703125	-14.257812
427520.660335	0.586400	-295.703125	-14.257812
427520.662334	0.781023	-295.703125	-14.257812
427520.664335	0.785083	-295.703125	-14.257812
427520.666332	0.783126	8.614382	0.079882
427521.674381	0.324044	-115.625000	535.351562
427521.676380	0.623200	-115.625000	535.351562
427521.678383	0.785120	-115.625000	535.351562
427521.680386	0.785714	8.642857	0.068418
427522.756491	0.439300	-292.089844	-14.941406
427522.758494	0.718268	-292.089844	-14.941406
427522.760495	0.786324	-292.089844	-14.941406
427522.762494	0.783778	8.621560	0.078573
427523.772548	0.477070	-112.304687	543.457031
427523.774551	0.741248	-112.304687	543.457031
427523.776551	0.785897	-112.304687	543.457031
427523.778551	0.783534	8.618875	0.056679
427524.854547	0.574608	-293.066406	-16.308594
427524.856549	0.778468	-293.066406	-16.308594
427524.858549	0.784797	-293.066406	-16.308594
427524.860549	0.782746	8.610208	0.076643
427525.839106	0.754338	-125.585937	510.058594
427525.841107	0.785784	-125.585937	510.058594
427525.843107	0.783519	8.618707	0.073402
427526.951155	0.494285	-287.109375	-17.089844
427526.953156	0.750276	-287.109375	-17.089844
427526.955156	0.785747	-287.109375	-17.089844
427526.957155	0.783470	8.618166	0.068046
427527.933241	0.350836	-119.042969	528.222656
427527.935241	0.648085	-119.042969	528.222656
427527.937244	0.787025	-119.042969	528.222656
427527.939245	0.785146	8.636608	0.071333
427529.047281	0.340614	-281.347656	-18.750000
427529.049283	0.638726	-281.347656	-18.750000
427529.051283	0.787137	-281.347656	-18.750000
427529.053284	0.785808	8.643893	0.062705
427530.031378	0.496970	-118.066406	533.105469
427530.033379	0.751581	-118.066406	533.105469
427530.035379	0.785680	-118.066406	533.105469
427530.037378	0.783416	8.617572	0.061809
427531.113452	0.607227	-289.550781	-20.312500
427531.115453	0.615344	-289.550781	-20.312500
427531.117452	0.785052	8.635571	0.086623
427532.128008	0.419870	-114.160156	543.945312
427532.130010	0.704768	-114.160156	543.945312
427532.132009	0.786520	-114.160156	543.945312
427532.134010	0.783881	8.622685	0.061087
427533.210035	0.523337	-284.277344	-22.460937
427533.212036	0.762811	-284.277344	-22.460937
427533.214036	0.785140	-284.277344	-22.460937
427533.216037	0.783000	8.612999	0.076856
427534.224960	0.389733	-114.843750	542.089844
427534.226960	0.681768	-114.843750	542.089844
427534.228962	0.787814	-114.843750	542.089844
427534.230961	0.785238	8.637618	0.061570
427535.307021	0.499289	-270.996094	-23.046875
427535.309022	0.752568	-270.996094	-23.046875
427535.311023	0.785536	-270.996094	-23.046875
427535.313022	0.783238	8.615613	0.063463
427536.323079	0.534515	-119.140625	534.570312
427536.325080	0.766938	-119.140625	534.570312
427536.327080	0.784978	-119.140625	534.570312
427536.329080	0.782898	8.611883	0.089406
427537.373088	0.726183	-283.496094	-24.707031
427537.375088	0.785982	-283.496094	-24.707031
427537.377089	0.783508	8.618591	0.090125
427538.421142	0.668382	-115.039062	541.894531
427538.423142	0.786937	-115.039062	541.894531
427538.425144	0.784579	8.630369	0.798481
427539.467136	0.283570	-274.707031	-23.730469
427539.469135	0.584604	-274.707031	-23.730469
427539.471136	0.781409	-274.707031	-23.730469
427539.473136	0.786024	-274.707031	-23.730469
427539.475134	0.784058	8.624635	0.078132
427540.485658	0.684978	-133.984375	492.187500
427540.487659	0.787126	-133.984375	492.187500
427540.489658	0.784442	8.628862	0.082151
427541.564624	0.336353	-271.484375	-20.605469
427541.566626	0.634783	-271.484375	-20.605469
427541.568626	0.786007	-271.484375	-20.605469
427541.570627	0.784738	8.632115	0.061317
427542.583571	0.755431	-124.316406	515.429687
427542.585578	0.785298	-124.316406	515.429687
427542.587581	0.783122	8.614338	0.072111
427543.661617	0.311670	-268.261719	-19.335937
427543.663619	0.611422	-268.261719	-19.335937
427543.665617	0.784344	-268.261719	-19.335937
427543.667618	0.784953	8.634481	0.060130
427544.679671	0.644494	-123.144531	520.410156
427544.681669	0.786430	-123.144531	520.410156
427544.683672	0.784710	8.631814	0.068041
427545.727718	0.566744	-276.171875	-18.554687
427545.729719	0.776925	-276.171875	-18.554687
427545.731717	0.785140	-276.171875	-18.554687
427545.733719	0.783110	8.614214	0.276152
427546.775755	0.487284	-119.726562	528.808594
427546.777757	0.746984	-119.726562	528.808594
427546.779757	0.786313	-119.726562	528.808594
427546.781757	0.784026	8.624290	0.059874
427547.824257	0.477613	-275.000000	-17.578125
427547.826258	0.741331	-275.000000	-17.578125
427547.828258	0.785303	-275.000000	-17.578125
427547.830259	0.782977	8.612742	0.073833
427548.874316	0.690714	-125.683594	516.015625
427548.876318	0.787222	-125.683594	516.015625
427548.878318	0.784479	8.629271	0.058743
427549.921276	0.458186	-271.972656	-16.210937
427549.923278	0.730251	-271.972656	-16.210937
427549.925278	0.786050	-271.972656	-16.210937
427549.927277	0.783495	8.618441	0.068503
427550.937293	0.487478	-129.296875	508.300781
427550.939297	0.746693	-129.296875	508.300781
427550.941295	0.785584	-129.296875	508.300781
427550.943295	0.783295	8.616242	0.082610
427552.021351	0.782179	-266.699219	-16.796875
427552.023354	0.785111	-266.699219	-16.796875
427552.025355	0.783155	8.614700	0.405792
427553.035381	0.626605	-130.175781	505.566406
427553.037383	0.785688	-130.175781	505.566406
427553.039384	0.784883	8.633711	0.574010
427554.081925	0.323634	-280.273437	-18.554687
427554.083928	0.622818	-280.273437	-18.554687
427554.085927	0.785543	-280.273437	-18.554687
427554.087926	0.784994	8.634933	0.092715
427555.131971	0.544503	-122.265625	522.851562
427555.133973	0.770441	-122.265625	522.851562
427555.135973	0.785072	-122.265625	522.851562
427555.137975	0.783014	8.613158	0.150451
427556.180052	0.472317	-272.460937	-19.042969
427556.182054	0.738745	-272.460937	-19.042969
427556.184054	0.786227	-272.460937	-19.042969
427556.186054	0.783814	8.621959	0.072560
427557.228114	0.395131	-126.953125	513.476562
427557.230115	0.686153	-126.953125	513.476562
427557.232116	0.788219	-126.953125	513.476562
427557.234116	0.785693	8.642626	0.056197
427558.276164	0.313528	-272.167969	-20.214844
427558.278166	0.613260	-272.167969	-20.214844
427558.280166	0.784251	-272.167969	-20.214844
427558.282168	0.784648	8.631123	0.075495
427559.326214	0.536877	-120.410156	525.683594
427559.328214	0.768206	-120.410156	525.683594
427559.330214	0.785571	-120.410156	525.683594
427559.332214	0.783454	8.617997	0.058586
427560.376768	0.766025	-264.257812	-20.019531
427560.378771	0.785280	-264.257812	-20.019531
427560.380769	0.783247	8.615720	0.085810
427561.390813	0.566242	-128.222656	508.007812
427561.392814	0.776619	-128.222656	508.007812
427561.394814	0.784996	-128.222656	508.007812
427561.398811	0.781775	8.599520	0.077129
427562.470869	0.376389	-261.914062	-20.410156
427562.472871	0.670607	-261.914062	-20.410156
427562.474871	0.787513	-261.914062	-20.410156
427562.476872	0.785033	8.635367	0.060504
427563.486937	0.414756	-122.656250	520.312500
427563.490935	0.786932	-122.656250	520.312500
427563.492938	0.784246	-122.656250	520.312500
427563.494939	0.782666	8.609321	0.068852
