time (s)	energy (uJ)	charge (mC)	voltage (mV)	crossing#mod 255
423146.075347	62.945480	0.028696	2.193516	124
423147.069328	71.384964	0.028603	2.495705	125
423148.158648	62.680546	0.028662	2.186904	126
423149.168831	58.084324	0.028639	2.028133	127
423150.268333	63.601852	0.028635	2.221096	128
423151.275844	68.199989	0.028641	2.381175	129
423152.331213	67.635567	0.028671	2.358996	130
423153.335788	70.550102	0.028593	2.467426	131
423154.461382	67.630463	0.028641	2.361326	132
423155.407990	81.030838	0.028650	2.828263	133
423156.559376	57.707115	0.028651	2.014155	134
423157.547707	64.091888	0.028653	2.236845	135
423158.650004	62.584736	0.028596	2.188586	136
423159.665132	65.832680	0.028631	2.299325	137
423160.707757	88.409920	0.028632	3.087780	138
423161.737946	81.119926	0.028617	2.834710	139
423162.864348	51.149967	0.028635	1.786284	140
423163.833544	64.127533	0.028644	2.238800	141
423164.923395	58.828865	0.028667	2.052120	142
423165.941376	58.876526	0.028575	2.060412	143
423167.023695	52.566578	0.028662	1.834026	144
423168.027797	58.463684	0.028642	2.041193	145
423169.122446	55.604912	0.028631	1.942150	146
423170.138021	53.298370	0.028622	1.862169	147
423171.205753	58.875996	0.028633	2.056236	148
423172.233620	49.559612	0.028611	1.732164	149
423173.315979	44.116253	0.028636	1.540604	150
423174.273808	84.348396	0.028608	2.948405	151
423175.401663	48.417530	0.028595	1.693193	152
423176.370811	84.955956	0.028689	2.961296	153
423177.474754	52.715271	0.028632	1.841130	154
423178.492226	55.176170	0.028644	1.926302	155
423179.612730	42.848564	0.028661	1.494994	156
423180.566254	64.534897	0.028602	2.256305	157
423181.659387	60.721169	0.028656	2.118955	158
423182.663137	62.368961	0.028632	2.178301	159
423183.755777	57.659702	0.028552	2.019484	160
423184.788761	41.290001	0.028607	1.443343	161
423185.817754	85.214294	0.028657	2.973639	162
423186.858203	54.435551	0.028613	1.902462	163
423187.949791	48.397591	0.028629	1.690531	164
423188.945627	53.561222	0.028639	1.870230	165
423190.035943	56.167473	0.028664	1.959524	166
423191.018639	65.766151	0.028610	2.298739	167
423192.083308	95.946716	0.028612	3.353417	168
423193.116097	61.056778	0.028602	2.134676	169
423194.209535	61.692677	0.028649	2.153390	170
423195.226609	48.532368	0.028623	1.695595	171
423196.300369	63.515549	0.028612	2.219867	172
423197.321899	46.145473	0.028563	1.615548	173
423198.403811	51.198528	0.028643	1.787480	174
423199.421172	40.235435	0.028619	1.405888	175
423200.488991	52.727409	0.028580	1.844933	176
423201.521817	35.016087	0.028563	1.225930	177
423202.591178	43.780712	0.028620	1.529735	178
423203.589046	54.991779	0.028604	1.922543	179
423204.650470	69.933571	0.028647	2.441214	180
423205.703986	35.601589	0.028560	1.246572	181
423206.775344	36.014442	0.028624	1.258170	182
423207.791332	38.816010	0.028607	1.356887	183
423208.856412	41.676399	0.028602	1.457119	184
423209.860823	55.489254	0.028633	1.937939	185
423210.937712	49.073925	0.028599	1.715920	186
423212.012791	13.539464	0.028614	0.473178	187
423213.042299	35.882927	0.028638	1.252964	188
423214.053659	44.818413	0.028645	1.564595	189
423215.109213	57.012985	0.028602	1.993296	190
423216.130567	59.768925	0.028589	2.090609	191
423217.248904	24.044283	0.028643	0.839455	192
423218.265031	22.005192	0.028582	0.769886	193
423219.292286	49.536415	0.028608	1.731543	194
423220.330647	39.313400	0.028596	1.374798	195
423221.407899	32.280151	0.028650	1.126715	196
423222.423171	35.094299	0.028603	1.226961	197
423223.471166	55.157349	0.028628	1.926691	198
423224.506745	37.470791	0.028621	1.309210	199
423225.567010	52.164284	0.028616	1.822885	200
423226.609643	31.854280	0.028605	1.113580	201
423227.680635	35.023766	0.028628	1.223390	202
423228.653383	65.257271	0.028576	2.283619	203
423229.815882	21.389338	0.028605	0.747740	204
423230.783898	33.532406	0.028636	1.170999	205
423231.884024	26.179792	0.028627	0.914519	206
423232.863460	36.675232	0.028573	1.283559	207
423233.922515	56.729122	0.028603	1.983315	208
423234.986664	20.806711	0.028586	0.727869	209
423236.008048	101.241989	0.028600	3.539911	210
423237.064483	24.078751	0.028590	0.842212	211
423238.118353	47.694359	0.028638	1.665427	212
423239.140227	31.962990	0.028631	1.116381	213
423240.216205	43.175564	0.028612	1.509014	214
423241.244346	25.563280	0.028554	0.895255	215
423242.313576	37.103928	0.028597	1.297457	216
423243.346019	19.555288	0.028578	0.684282	217
423244.411291	34.158386	0.028619	1.193538	218
423245.393757	41.754818	0.028581	1.460927	219
423246.498586	33.660873	0.028652	1.174820	220
423247.490026	38.902699	0.028619	1.359335	221
423248.583025	38.835674	0.028597	1.358024	222
423249.552708	57.942310	0.028586	2.026965	223
423250.668502	41.234398	0.028629	1.440281	224
423251.684652	29.863567	0.028614	1.043662	225
423252.753734	39.137447	0.028591	1.368862	226
423253.798642	9.943531	0.028542	0.348380	227
423254.887035	23.002916	0.028623	0.803640	228
423255.847714	40.701805	0.028580	1.424142	229
423256.914367	56.692089	0.028626	1.980423	230
423257.931142	45.285000	0.028618	1.582403	231
423259.018084	42.873981	0.028601	1.499020	232
423260.015896	47.555031	0.028570	1.664493	233
423261.123227	35.632618	0.028616	1.245196	234
423262.125224	33.693161	0.028598	1.178149	235
423263.241193	24.206139	0.028595	0.846530	236
423264.216863	29.502153	0.028584	1.032110	237
423265.339194	21.151236	0.028580	0.740077	238
423266.312685	31.238255	0.028574	1.093239	239
423267.404366	28.968124	0.028637	1.011568	240
423268.433121	15.688457	0.028566	0.549194	241
423269.493777	33.853443	0.028591	1.184053	242
423270.504383	23.922325	0.028576	0.837133	243
423271.544923	56.577747	0.028629	1.976241	244
423272.591882	22.956345	0.028611	0.802370	245
423273.676645	28.855564	0.028595	1.009101	246
423274.669539	30.153809	0.028614	1.053809	247
423275.735551	48.575142	0.028545	1.701709	248
423276.745372	38.850056	0.028575	1.359562	249
423277.833003	42.077236	0.028628	1.469768	250
423278.849156	28.621790	0.028606	1.000540	251
423279.943587	31.840841	0.028580	1.114104	252
423280.920300	39.001503	0.028573	1.364967	253
423282.028566	31.656839	0.028619	1.106161	254
423283.056972	17.405344	0.028580	0.608999	255
423284.129924	25.506699	0.028576	0.892587	0
423285.152500	15.529082	0.028615	0.542683	1
423286.216831	27.681499	0.028594	0.968099	2
423287.187242	46.569035	0.028564	1.630365	3
423288.301054	24.564028	0.028616	0.858417	4
423289.311910	24.877148	0.028598	0.869893	5
423290.397053	1404.824219	0.028640	49.050644	6
423291.393130	29.295635	0.028568	1.025476	7
423292.495241	17.706652	0.028552	0.620165	8
423293.508748	18.072844	0.028609	0.631727	9
423294.545957	35.473377	0.028622	1.239388	10
423295.598763	18.037533	0.028544	0.631921	11
423296.642986	32.381046	0.028550	1.134184	12
423297.670916	28.647198	0.028581	1.002299	13
423298.726708	35.420002	0.028577	1.239468	14
423299.769670	23.444448	0.028618	0.819233	15
423300.824375	26.505581	0.028589	0.927130	16
423301.829073	39.933773	0.028575	1.397520	17
423302.883442	55.855209	0.028586	1.953928	18
423303.936537	28.792852	0.028610	1.006394	19
423304.974010	50.862186	0.028514	1.783775	20
423306.046046	19.578323	0.028576	0.685127	21
423307.072733	42.095947	0.028593	1.472267	22
423308.148685	15.385340	0.028577	0.538382	23
423309.186404	27.566622	0.028580	0.964545	24
423310.219455	22.280794	0.028596	0.779144	25
423311.244222	50.041607	0.028572	1.751413	26
423312.330978	14.256436	0.028589	0.498666	27
423313.317645	74.339775	0.028605	2.598862	28
423314.389530	24.340422	0.028570	0.851961	29
423315.428091	49.774193	0.028581	1.741531	30
423316.488841	21.257473	0.028569	0.744071	31
423317.552646	20.306055	0.028616	0.709599	32
423318.576256	21.701868	0.028605	0.758686	33
423319.633035	27.675625	0.028592	0.967947	34
423320.635705	36.216003	0.028574	1.267451	35
423321.722512	34.750477	0.028664	1.212334	36
423322.728457	32.042538	0.028607	1.120101	37
423323.794246	45.841949	0.028530	1.606801	38
423324.837116	23.928885	0.028529	0.838765	39
423325.904045	32.748096	0.028610	1.144628	40
423326.907673	31.623819	0.028594	1.105960	41
423328.000576	29.443138	0.028574	1.030420	42
423329.033719	15.213050	0.028562	0.532624	43
423330.092275	27.604555	0.028609	0.964885	44
423331.116428	16.678509	0.028601	0.583141	45
423332.163839	40.952194	0.028574	1.433198	46
423333.193501	22.842567	0.028657	0.797092	47
423334.265002	33.023785	0.028575	1.155702	48
423335.286736	20.556202	0.028558	0.719794	49
423336.356722	31.980743	0.028605	1.118007	50
423337.375120	21.708193	0.028597	0.759108	51
423338.453476	28.150871	0.028580	0.984968	52
423339.452466	22.523159	0.028568	0.788400	53
423340.556268	22.626522	0.028616	0.790706	54
423341.533540	32.069813	0.028567	1.122617	55
423342.620851	35.816002	0.028531	1.255327	56
423343.613820	37.884525	0.028551	1.326916	57
423344.714048	31.338535	0.028613	1.095256	58
423345.744381	17.472965	0.028585	0.611266	59
423346.784769	43.373497	0.028574	1.517948	60
423347.825636	20.053148	0.028561	0.702112	61
423348.870755	45.097050	0.028609	1.576329	62
423349.947263	11.161867	0.028590	0.390409	63
423350.992144	26.201023	0.028575	0.916931	64
423351.969394	39.468033	0.028598	1.380075	65
423353.084620	26.794697	0.028588	0.937272	66
423354.089459	16.458796	0.028570	0.576090	67
423355.166333	29.169689	0.028565	1.021152	68
423356.151865	36.384640	0.028551	1.274393	69
423357.250729	31.240709	0.028552	1.094151	70
423358.266226	21.437630	0.028538	0.751201	71
423359.382734	16.665438	0.028567	0.583383	72
423360.398703	10.314764	0.028552	0.361268	73
423361.425023	37.064438	0.028568	1.297421	74
423362.462412	16.240423	0.028561	0.568626	75
423363.536325	24.770807	0.028611	0.865778	76
423364.552685	15.942879	0.028593	0.557584	77
423365.619157	28.305374	0.028537	0.991873	78
423366.617149	25.235737	0.028558	0.883665	79
423367.727489	19.035248	0.028602	0.665516	80
423368.732822	14.248732	0.028594	0.498317	81
423369.838325	14.554377	0.028580	0.509242	82
423370.778399	36.122631	0.028548	1.265316	83
423371.889809	27.473026	0.028598	0.960674	84
423372.893535	23.280209	0.028581	0.814545	85
423373.988336	23.113247	0.028565	0.809137	86
423374.977647	22.969477	0.028553	0.804438	87
423376.073989	23.471956	0.028641	0.819528	88
423377.102723	12.957186	0.028596	0.453113	89
423378.156933	22.151506	0.028561	0.775579	90
423379.172147	16.217751	0.028563	0.567787	91
423380.215514	43.945229	0.028567	1.538345	92
423381.236656	32.140236	0.028555	1.125537	93
423382.324243	30.857082	0.028601	1.078869	94
423383.370460	12.906070	0.028583	0.451529	95
423384.454285	14.446725	0.028573	0.505610	96
423385.448173	11.086238	0.028521	0.388705	97
423386.512820	22.028793	0.028552	0.771523	98
423387.564273	9.984106	0.028551	0.349688	99
423388.583010	36.402557	0.028558	1.274694	100
423389.625964	16.874846	0.028570	0.590643	101
423390.649711	55.005096	0.028591	1.923832	102
423391.700652	27.661997	0.028566	0.968341	103
423392.754357	37.434422	0.028565	1.310487	104
423393.793155	25.857492	0.028544	0.905880	105
423394.892796	14.326834	0.028596	0.501010	106
423395.884092	23.744936	0.028583	0.830734	107
423396.938985	31.290949	0.028598	1.094149	108
423398.028928	8.774989	0.028596	0.306865	109
423399.055946	18.232006	0.028555	0.638486	110
423400.034333	45.917664	0.028519	1.610087	111
423401.126366	26.311638	0.028595	0.920153	112
423402.170968	17.821598	0.028565	0.623903	113
423403.236367	18.488947	0.028559	0.647395	114
423404.266783	15.196691	0.028595	0.531445	115
423405.300407	33.645657	0.028551	1.178436	116
423406.348469	17.095552	0.028566	0.598457	117
423407.385657	34.297939	0.028578	1.200138	118
423408.458247	0.830566	0.028544	0.029098	119
423409.471266	37.990425	0.028557	1.330320	120
423410.524967	18.977674	0.028550	0.664720	121
423411.625248	12.227019	0.028531	0.428551	122
423412.621721	15.379474	0.028552	0.538647	123
423413.706454	13.700210	0.028602	0.478995	124
423414.707150	15.603573	0.028579	0.545972	125
423415.741327	39.160839	0.028566	1.370891	126
423416.815461	10.569826	0.028566	0.370015	127
423417.839418	32.695045	0.028564	1.144625	128
423418.879989	18.444939	0.028551	0.646039	129
423419.941785	26.135563	0.028528	0.916153	130
423420.969591	17.989473	0.028582	0.629391	131
423422.022696	30.002531	0.028579	1.049806	132
423423.060397	15.765456	0.028561	0.551994	133
423424.136316	19.197432	0.028549	0.672435	134
423425.176029	9.126184	0.028585	0.319270	135
423426.229315	20.971760	0.028556	0.734421	136
423427.204926	31.023226	0.028548	1.086721	137
423428.291899	32.434486	0.028545	1.136263	138
423429.307221	21.767302	0.028568	0.761960	139
423430.414608	19.590973	0.028557	0.686026	140
423431.399348	19.938587	0.028542	0.698573	141
423432.486273	23.489574	0.028586	0.821712	142
423433.501026	13.828778	0.028537	0.484596	143
423434.563415	32.674397	0.028562	1.143983	144
423435.590074	19.172785	0.028585	0.670728	145
423436.660425	29.857716	0.028552	1.045741	146
423437.676327	19.592983	0.028541	0.686475	147
423438.756916	25.301443	0.028594	0.884848	148
423439.760521	20.695549	0.028639	0.722638	149
423440.853843	21.805882	0.028549	0.763800	150
423441.833640	29.979458	0.028580	1.048966	151
423442.950304	18.535995	0.028524	0.649830	152
423443.928485	24.424610	0.028570	0.854890	153
423445.025668	23.728470	0.028643	0.828410	154
423446.057100	12.081212	0.028554	0.423099	155
423447.106789	28.993288	0.028595	1.013940	156
423448.116585	20.370687	0.028576	0.712855	157
423449.211239	22.917562	0.028560	0.802432	158
423450.205487	20.427183	0.028547	0.715571	159
