time (s)	coil I (A)	last det (V)	int current (uC)
5383.791689	0.464446	-277.246094	-90.625000
5383.795689	1.039850	-277.246094	-90.625000
5383.797690	1.303467	-277.246094	-90.625000
5383.799691	1.558479	-277.246094	-90.625000
5383.801692	1.805624	-277.246094	-90.625000
5383.803691	1.813593	-277.246094	-90.625000
5383.805690	2.266021	-277.246094	-90.625000
5383.807691	2.489442	-277.246094	-90.625000
5383.809692	2.610922	-277.246094	-90.625000
5383.811691	2.605683	28.662508	0.300030
5384.761648	0.498360	-333.398437	204.003906
5384.763649	0.790312	-333.398437	204.003906
5384.765651	1.070972	-333.398437	204.003906
5384.767648	1.331962	-333.398437	204.003906
5384.769651	1.586479	-333.398437	204.003906
5384.771652	1.832238	-333.398437	204.003906
5384.773651	2.064968	-333.398437	204.003906
5384.775653	2.290496	-333.398437	204.003906
5384.777652	2.299516	-333.398437	204.003906
5384.779651	2.609179	-333.398437	204.003906
5384.781650	2.603282	28.636099	0.380841
5385.881721	0.771595	-260.449219	-102.050781
5385.883724	1.053357	-260.449219	-102.050781
5385.885724	1.315881	-260.449219	-102.050781
5385.887727	1.571220	-260.449219	-102.050781
5385.889728	1.817863	-260.449219	-102.050781
5385.891727	2.051676	-260.449219	-102.050781
5385.893728	2.277472	-260.449219	-102.050781
5385.895728	2.500668	-260.449219	-102.050781
5385.897728	2.611857	-260.449219	-102.050781
5385.899727	2.606053	28.666588	0.291528
5386.886322	0.705796	-307.714844	226.074219
5386.888328	0.990419	-307.714844	226.074219
5386.890327	1.257932	-307.714844	226.074219
5386.892327	1.513253	-307.714844	226.074219
5386.894327	1.762135	-307.714844	226.074219
5386.896326	1.999135	-307.714844	226.074219
5386.898327	2.224855	-307.714844	226.074219
5386.900326	2.449257	-307.714844	226.074219
5386.902326	2.603907	-307.714844	226.074219
5386.904328	2.604734	-307.714844	226.074219
5386.906326	2.600131	28.601439	0.356545
5387.950271	0.707375	-255.664062	-105.664062
5387.954272	1.258860	-255.664062	-105.664062
5387.956273	1.514296	-255.664062	-105.664062
5387.958274	1.763266	-255.664062	-105.664062
5387.960274	2.000295	-255.664062	-105.664062
5387.962272	2.226029	-255.664062	-105.664062
5387.964274	2.450422	-255.664062	-105.664062
5387.966274	2.604837	-255.664062	-105.664062
5387.970271	2.600848	-255.664062	-105.664062
5387.972275	2.597815	28.575960	0.389659
5388.990304	0.430971	-307.714844	221.386719
5388.992305	0.724379	-307.714844	221.386719
5388.994305	1.008107	-307.714844	221.386719
5388.996305	1.273781	-307.714844	221.386719
5388.998305	1.528901	-307.714844	221.386719
5389.000305	1.777329	-307.714844	221.386719
5389.002305	1.787183	-307.714844	221.386719
5389.004307	2.239156	-307.714844	221.386719
5389.006305	2.463012	-307.714844	221.386719
5389.008304	2.606746	-307.714844	221.386719
5389.010306	2.604414	-307.714844	221.386719
5389.012305	2.599971	28.599676	0.428206
5390.038321	0.267597	-280.371094	-87.500000
5390.040324	0.566539	-280.371094	-87.500000
5390.042322	0.857152	-280.371094	-87.500000
5390.044322	1.133822	-280.371094	-87.500000
5390.046321	1.391705	-280.371094	-87.500000
5390.048323	1.644812	-280.371094	-87.500000
5390.050327	1.888162	-280.371094	-87.500000
5390.052323	2.117715	-280.371094	-87.500000
5390.054324	2.343328	-280.371094	-87.500000
5390.056323	2.555513	-280.371094	-87.500000
5390.058323	2.607687	-280.371094	-87.500000
5390.060324	2.601926	28.621185	0.446472
5391.074348	0.306088	-298.437500	224.804687
5391.076351	0.603343	-298.437500	224.804687
5391.078352	0.892445	-298.437500	224.804687
5391.080353	1.166544	-298.437500	224.804687
5391.082355	1.424177	-298.437500	224.804687
5391.084355	1.676131	-298.437500	224.804687
5391.086356	1.918100	-298.437500	224.804687
5391.088356	2.145722	-298.437500	224.804687
5391.090354	2.371316	-298.437500	224.804687
5391.092354	2.573272	-298.437500	224.804687
5391.094354	2.606844	-298.437500	224.804687
5391.096355	2.601576	28.617340	0.470362
5392.150409	0.281120	-274.023437	-85.839844
5392.152412	0.579615	-274.023437	-85.839844
5392.154413	0.869747	-274.023437	-85.839844
5392.156412	0.880683	-274.023437	-85.839844
5392.158412	1.403269	-274.023437	-85.839844
5392.160411	1.656089	-274.023437	-85.839844
5392.162412	1.899111	-274.023437	-85.839844
5392.164412	2.127854	-274.023437	-85.839844
5392.166414	2.353506	-274.023437	-85.839844
5392.168412	2.562755	-274.023437	-85.839844
5392.170414	2.608365	-274.023437	-85.839844
5392.172413	2.602779	28.630571	0.360051
5393.152431	0.592202	-312.695312	220.898437
5393.154433	0.881647	-312.695312	220.898437
5393.156435	1.156486	-312.695312	220.898437
5393.158434	1.413710	-312.695312	220.898437
5393.160435	1.665917	-312.695312	220.898437
5393.162435	1.908262	-312.695312	220.898437
5393.164437	2.136631	-312.695312	220.898437
5393.166436	2.362115	-312.695312	220.898437
5393.168436	2.567584	-312.695312	220.898437
5393.170437	2.606179	-312.695312	220.898437
5393.172436	2.600706	28.607767	0.747520
5394.244443	0.636935	-259.472656	-100.976562
5394.246445	0.942964	-259.472656	-100.976562
5394.250443	1.469820	-259.472656	-100.976562
5394.252445	1.478322	-259.472656	-100.976562
5394.254445	1.960130	-259.472656	-100.976562
5394.256445	2.186073	-259.472656	-100.976562
5394.258445	2.411541	-259.472656	-100.976562
5394.260447	2.593292	-259.472656	-100.976562
5394.264448	2.601749	-259.472656	-100.976562
5394.266450	2.601378	28.615158	0.324494
5395.260411	0.453584	-290.820312	239.160156
5395.262413	0.746366	-290.820312	239.160156
5395.264414	1.028991	-290.820312	239.160156
5395.266415	1.293009	-290.820312	239.160156
5395.268413	1.547721	-290.820312	239.160156
5395.270412	1.795197	-290.820312	239.160156
5395.272413	2.030126	-290.820312	239.160156
5395.274412	2.255785	-290.820312	239.160156
5395.276415	2.276418	-290.820312	239.160156
5395.278422	2.608562	-290.820312	239.160156
5395.280424	2.604069	28.644758	0.432535
5396.318956	0.411714	-255.175781	-97.363281
5396.320957	0.705510	-255.175781	-97.363281
5396.322956	0.990102	-255.175781	-97.363281
5396.324957	1.257101	-255.175781	-97.363281
5396.326959	1.512455	-255.175781	-97.363281
5396.328956	1.761360	-255.175781	-97.363281
5396.330958	1.998468	-255.175781	-97.363281
5396.332956	2.224166	-255.175781	-97.363281
5396.334958	2.448612	-255.175781	-97.363281
5396.336958	2.603914	-255.175781	-97.363281
5396.338957	2.604785	-255.175781	-97.363281
5396.340958	2.600211	28.602325	0.400798
5397.363058	0.276598	-295.410156	232.714844
5397.365060	0.575096	-295.410156	232.714844
5397.367058	0.865371	-295.410156	232.714844
5397.369061	1.141333	-295.410156	232.714844
5397.371060	1.398893	-295.410156	232.714844
5397.373059	1.651779	-295.410156	232.714844
5397.375059	1.894718	-295.410156	232.714844
5397.381063	2.559777	-295.410156	232.714844
5397.383065	2.606812	-295.410156	232.714844
5397.385065	2.601228	28.613503	0.429436
5398.421016	0.902614	-278.320312	-82.226562
5398.423019	1.175908	-278.320312	-82.226562
5398.425019	1.432818	-278.320312	-82.226562
5398.429017	1.926019	-278.320312	-82.226562
5398.431019	2.153097	-278.320312	-82.226562
5398.433019	2.378733	-278.320312	-82.226562
5398.435018	2.577189	-278.320312	-82.226562
5398.437019	2.605890	-278.320312	-82.226562
5398.441016	2.597321	28.570528	0.472362
5399.448947	0.375406	-274.218750	242.089844
5399.450950	0.944029	-274.218750	242.089844
5399.452949	1.214192	-274.218750	242.089844
5399.454948	1.470268	-274.218750	242.089844
5399.456949	1.720484	-274.218750	242.089844
5399.458949	1.960235	-274.218750	242.089844
5399.460948	2.185978	-274.218750	242.089844
5399.464948	2.591767	-274.218750	242.089844
5399.466950	2.604459	-274.218750	242.089844
5399.468950	2.599675	28.596424	0.461662
5400.528997	0.541227	-263.964844	-75.781250
5400.532997	1.110958	-263.964844	-75.781250
5400.534998	1.369355	-263.964844	-75.781250
5400.536998	1.623258	-263.964844	-75.781250
5400.538998	1.867512	-263.964844	-75.781250
5400.540998	2.098084	-263.964844	-75.781250
5400.542998	2.323837	-263.964844	-75.781250
5400.546997	2.544819	-263.964844	-75.781250
5400.548999	2.604552	-263.964844	-75.781250
5400.551000	2.600965	28.610613	0.388996
5401.531046	0.549855	-271.289062	253.320312
5401.533046	0.840814	-271.289062	253.320312
5401.535046	1.118501	-271.289062	253.320312
5401.537047	1.376616	-271.289062	253.320312
5401.539045	1.630041	-271.289062	253.320312
5401.541045	1.873906	-271.289062	253.320312
5401.543048	2.103976	-271.289062	253.320312
5401.545047	2.329491	-271.289062	253.320312
5401.547046	2.544956	-271.289062	253.320312
5401.549045	2.606985	-271.289062	253.320312
5401.551046	2.601094	28.612040	0.565909
5402.617571	0.410520	-253.125000	-89.941406
5402.619572	0.704310	-253.125000	-89.941406
5402.621571	0.988990	-253.125000	-89.941406
5402.623570	1.256042	-253.125000	-89.941406
5402.625572	1.511406	-253.125000	-89.941406
5402.627572	1.760360	-253.125000	-89.941406
5402.629571	1.997635	-253.125000	-89.941406
5402.631573	2.223319	-253.125000	-89.941406
5402.633573	2.447733	-253.125000	-89.941406
5402.635571	2.603636	-253.125000	-89.941406
5402.637572	2.604612	-253.125000	-89.941406
5402.639572	2.600119	28.601307	0.368193
5403.633604	0.368007	-253.125000	276.464844
5403.635607	0.662779	-253.125000	276.464844
5403.637605	0.949129	-253.125000	276.464844
5403.639605	1.218895	-253.125000	276.464844
5403.641607	1.474942	-253.125000	276.464844
5403.643607	1.724863	-253.125000	276.464844
5403.645608	1.964385	-253.125000	276.464844
5403.647605	2.189972	-253.125000	276.464844
5403.649605	2.415160	-253.125000	276.464844
5403.651606	2.593338	-253.125000	276.464844
5403.653606	2.604345	-253.125000	276.464844
5403.655608	2.599691	28.596600	0.430255
5404.695631	0.464755	-255.664062	-100.976562
5404.697634	0.757256	-255.664062	-100.976562
5404.699634	1.039375	-255.664062	-100.976562
5404.701635	1.302668	-255.664062	-100.976562
5404.705631	1.804360	-255.664062	-100.976562
5404.707637	2.038724	-255.664062	-100.976562
5404.709643	2.264565	-255.664062	-100.976562
5404.711647	2.488996	-255.664062	-100.976562
5404.713647	2.609738	-255.664062	-100.976562
5404.715647	2.604478	28.649261	0.434254
5405.737652	0.553680	-250.585937	272.949219
5405.739654	0.844545	-250.585937	272.949219
5405.741659	1.122078	-250.585937	272.949219
5405.743664	1.380322	-250.585937	272.949219
5405.745664	1.634707	-250.585937	272.949219
5405.747665	1.878469	-250.585937	272.949219
5405.749664	2.108299	-250.585937	272.949219
5405.751664	2.333793	-250.585937	272.949219
5405.753664	2.548514	-250.585937	272.949219
5405.755664	2.607870	-250.585937	272.949219
5405.757666	2.602017	28.622187	0.559458
5406.785725	0.705551	-248.535156	-85.546875
5406.789725	1.256899	-248.535156	-85.546875
5406.791724	1.512077	-248.535156	-85.546875
5406.793726	1.760983	-248.535156	-85.546875
5406.795727	1.997966	-248.535156	-85.546875
5406.797727	2.223627	-248.535156	-85.546875
5406.799725	2.447996	-248.535156	-85.546875
5406.801724	2.603587	-248.535156	-85.546875
5406.803725	2.604574	-248.535156	-85.546875
5406.807724	2.596867	28.565538	0.435034
5407.831734	0.629079	-233.105469	281.933594
5407.833737	0.916839	-233.105469	281.933594
5407.835736	1.189096	-233.105469	281.933594
5407.837738	1.445722	-233.105469	281.933594
5407.839737	1.696838	-233.105469	281.933594
5407.841738	1.937923	-233.105469	281.933594
5407.843735	2.164234	-233.105469	281.933594
5407.845736	2.389818	-233.105469	281.933594
5407.847736	2.399329	-233.105469	281.933594
5407.849737	2.605408	-233.105469	281.933594
5407.851736	2.600419	28.604612	0.424591
5408.881772	0.618047	-262.109375	-76.367187
5408.883773	0.906372	-262.109375	-76.367187
5408.885775	1.179287	-262.109375	-76.367187
5408.887775	1.436041	-262.109375	-76.367187
5408.889776	1.687492	-262.109375	-76.367187
5408.891775	1.928883	-262.109375	-76.367187
5408.893775	2.155787	-262.109375	-76.367187
5408.895776	2.381329	-262.109375	-76.367187
5408.897776	2.389416	-262.109375	-76.367187
5408.899776	2.605257	-262.109375	-76.367187
5408.901776	2.600163	28.601795	0.450673
5409.921862	0.726563	-251.367187	265.234375
5409.923865	1.010003	-251.367187	265.234375
5409.925865	1.275313	-251.367187	265.234375
5409.927864	1.530249	-251.367187	265.234375
5409.929866	1.778408	-251.367187	265.234375
5409.931865	2.014362	-251.367187	265.234375
5409.935862	2.463743	-251.367187	265.234375
5409.937870	2.605903	-251.367187	265.234375
5409.939871	2.603428	-251.367187	265.234375
5409.941872	2.599059	28.589645	0.440488
5410.978795	0.525790	-270.507812	-74.316406
5410.980796	0.817125	-270.507812	-74.316406
5410.982795	1.096374	-270.507812	-74.316406
5410.984795	1.355392	-270.507812	-74.316406
5410.986795	1.609449	-270.507812	-74.316406
5410.988796	1.854150	-270.507812	-74.316406
5410.990796	2.085506	-270.507812	-74.316406
5410.992796	2.311013	-270.507812	-74.316406
5410.994795	2.530496	-270.507812	-74.316406
5410.996795	2.607935	-270.507812	-74.316406
5410.998795	2.601964	28.621609	0.473291
5412.010747	0.415512	-258.398437	256.835937
5412.012749	0.709003	-258.398437	256.835937
5412.014749	0.993202	-258.398437	256.835937
5412.016750	1.259761	-258.398437	256.835937
5412.018750	1.514899	-258.398437	256.835937
5412.020748	1.763637	-258.398437	256.835937
5412.022751	2.000413	-258.398437	256.835937
5412.026748	2.450360	-258.398437	256.835937
5412.028751	2.603212	-258.398437	256.835937
5412.030748	2.603239	-258.398437	256.835937
5412.032750	2.598719	28.585905	0.434754
5413.074765	0.270894	-261.328125	-71.093750
5413.076767	0.569521	-261.328125	-71.093750
5413.078767	0.859907	-261.328125	-71.093750
5413.080767	1.136236	-261.328125	-71.093750
5413.082765	1.393999	-261.328125	-71.093750
5413.084768	1.646874	-261.328125	-71.093750
5413.086767	1.890025	-261.328125	-71.093750
5413.088767	2.119278	-261.328125	-71.093750
5413.090765	2.344740	-261.328125	-71.093750
5413.092767	2.556297	-261.328125	-71.093750
5413.094767	2.607044	-261.328125	-71.093750
5413.096767	2.601385	28.615238	0.439267
5414.102832	0.649277	-244.628906	265.429687
5414.104834	0.936132	-244.628906	265.429687
5414.106835	1.206825	-244.628906	265.429687
5414.108834	1.463003	-244.628906	265.429687
5414.112832	1.953638	-244.628906	265.429687
5414.114836	2.179256	-244.628906	265.429687
5414.116835	2.404672	-244.628906	265.429687
5414.118836	2.589115	-244.628906	265.429687
5414.120834	2.604536	-244.628906	265.429687
5414.122836	2.599701	28.596716	0.440266
5415.168867	0.274206	-261.914062	-71.191406
5415.170869	0.572725	-261.914062	-71.191406
5415.172870	0.862899	-261.914062	-71.191406
5415.174870	1.139012	-261.914062	-71.191406
5415.176870	1.396911	-261.914062	-71.191406
5415.178870	1.649689	-261.914062	-71.191406
5415.182868	2.121685	-261.914062	-71.191406
5415.184870	2.347251	-261.914062	-71.191406
5415.186870	2.557866	-261.914062	-71.191406
5415.188870	2.606625	-261.914062	-71.191406
5415.190869	2.600998	28.610975	0.427440
5416.192964	0.368940	-204.101562	292.773437
5416.194967	0.663593	-204.101562	292.773437
5416.196967	0.949949	-204.101562	292.773437
5416.198967	1.219592	-204.101562	292.773437
5416.200967	1.475495	-204.101562	292.773437
5416.202968	1.725384	-204.101562	292.773437
5416.204970	1.965299	-204.101562	292.773437
5416.206971	2.190899	-204.101562	292.773437
5416.208971	2.416067	-204.101562	292.773437
5416.210970	2.593204	-204.101562	292.773437
5416.212972	2.603754	-204.101562	292.773437
5416.218969	2.593194	28.525135	0.421856
5417.260996	0.368400	-253.417969	-67.089844
5417.262997	0.663202	-253.417969	-67.089844
5417.264995	0.949527	-253.417969	-67.089844
5417.266995	1.219282	-253.417969	-67.089844
5417.268995	1.475314	-253.417969	-67.089844
5417.270995	1.725258	-253.417969	-67.089844
5417.276994	2.415599	-253.417969	-67.089844
5417.278995	2.593569	-253.417969	-67.089844
5417.280996	2.604548	-253.417969	-67.089844
5417.282995	2.599744	28.597185	0.424951
5418.289006	0.275410	-203.808594	294.238281
5418.291009	0.573788	-203.808594	294.238281
5418.293007	0.863888	-203.808594	294.238281
5418.295008	1.139816	-203.808594	294.238281
5418.297007	1.397388	-203.808594	294.238281
5418.299008	1.650027	-203.808594	294.238281
5418.301007	1.893091	-203.808594	294.238281
5418.303007	2.122008	-203.808594	294.238281
5418.305008	2.347484	-203.808594	294.238281
5418.307008	2.557821	-203.808594	294.238281
5418.311006	2.600357	-203.808594	294.238281
5418.313006	2.596681	28.563492	0.412953
5419.353065	0.822378	-251.464844	-65.625000
5419.355066	1.101340	-251.464844	-65.625000
5419.357068	1.359934	-251.464844	-65.625000
5419.359067	1.613963	-251.464844	-65.625000
5419.361065	1.858498	-251.464844	-65.625000
5419.363066	2.089491	-251.464844	-65.625000
5419.365067	2.315031	-251.464844	-65.625000
5419.367066	2.533809	-251.464844	-65.625000
5419.369066	2.608385	-251.464844	-65.625000
5419.371065	2.602404	28.626440	0.475253
5420.387132	0.725004	-219.238281	287.890625
5420.389132	1.008389	-219.238281	287.890625
5420.391132	1.273769	-219.238281	287.890625
5420.393132	1.528625	-219.238281	287.890625
5420.395132	1.776808	-219.238281	287.890625
5420.397133	2.012703	-219.238281	287.890625
5420.399134	2.238315	-219.238281	287.890625
5420.401133	2.462174	-219.238281	287.890625
5420.403133	2.604796	-219.238281	287.890625
5420.405133	2.602380	-219.238281	287.890625
5420.407132	2.597975	28.577724	0.425294
5421.440042	0.685523	-262.890625	-69.726562
5421.442041	0.970770	-262.890625	-69.726562
5421.444043	0.981486	-262.890625	-69.726562
5421.446042	1.494446	-262.890625	-69.726562
5421.448043	1.743872	-262.890625	-69.726562
5421.450042	1.981987	-262.890625	-69.726562
5421.452043	2.207532	-262.890625	-69.726562
5421.454043	2.432237	-262.890625	-69.726562
5421.456043	2.598694	-262.890625	-69.726562
5421.458044	2.603694	-262.890625	-69.726562
5421.460042	2.599079	28.589865	0.467358
5422.482026	0.695461	-190.039062	318.261719
5422.484028	0.980326	-190.039062	318.261719
5422.486028	1.247800	-190.039062	318.261719
5422.488028	1.503111	-190.039062	318.261719
5422.490027	1.752186	-190.039062	318.261719
5422.492028	1.989726	-190.039062	318.261719
5422.494028	2.215350	-190.039062	318.261719
5422.496028	2.439896	-190.039062	318.261719
5422.498027	2.600699	-190.039062	318.261719
5422.500027	2.603570	-190.039062	318.261719
5422.502027	2.598888	28.587765	0.424633
5423.526033	0.399399	-251.074219	-70.800781
5423.528034	0.693262	-251.074219	-70.800781
5423.530036	0.978166	-251.074219	-70.800781
5423.532034	1.245707	-251.074219	-70.800781
5423.534034	1.501064	-251.074219	-70.800781
5423.536035	1.750157	-251.074219	-70.800781
5423.538036	1.987830	-251.074219	-70.800781
5423.540033	2.213434	-251.074219	-70.800781
5423.542034	2.438012	-251.074219	-70.800781
5423.544034	2.599882	-251.074219	-70.800781
5423.546035	2.602982	-251.074219	-70.800781
5423.550033	2.595271	28.547981	0.438503
5424.568051	2.183477	-219.238281	303.320312
5424.570052	0.633334	-219.238281	303.320312
5424.572053	0.920819	-219.238281	303.320312
5424.574054	1.192618	-219.238281	303.320312
5424.576053	1.449066	-219.238281	303.320312
5424.578053	1.699891	-219.238281	303.320312
5424.580054	1.940745	-219.238281	303.320312
5424.582053	2.166793	-219.238281	303.320312
5424.584053	2.392362	-219.238281	303.320312
5424.586053	2.583386	-219.238281	303.320312
5424.588053	2.604168	-219.238281	303.320312
5424.592051	2.595771	28.553476	0.403532
5425.617992	0.690701	-242.968750	-79.687500
5425.619995	0.975728	-242.968750	-79.687500
5425.621993	1.243556	-242.968750	-79.687500
5425.625994	1.748194	-242.968750	-79.687500
5425.627995	1.986058	-242.968750	-79.687500
5425.629994	2.211626	-242.968750	-79.687500
5425.631996	2.436320	-242.968750	-79.687500
5425.633995	2.599884	-242.968750	-79.687500
5425.635997	2.603564	-242.968750	-79.687500
5425.637998	2.599002	28.589024	0.388354
5426.652056	0.439225	-216.406250	312.207031
5426.654056	0.732156	-216.406250	312.207031
5426.656057	1.015254	-216.406250	312.207031
5426.658056	1.280124	-216.406250	312.207031
5426.662055	1.782791	-216.406250	312.207031
5426.664055	2.018396	-216.406250	312.207031
5426.666056	2.027914	-216.406250	312.207031
5426.670055	2.606163	-216.406250	312.207031
5426.672057	2.602926	-216.406250	312.207031
5426.674059	2.598638	28.585018	0.392179
5427.712002	0.300567	-234.667969	-83.105469
5427.714004	0.597818	-234.667969	-83.105469
5427.716004	0.886856	-234.667969	-83.105469
5427.718005	1.161187	-234.667969	-83.105469
5427.720004	1.418310	-234.667969	-83.105469
5427.722005	1.670324	-234.667969	-83.105469
5427.724003	1.912439	-234.667969	-83.105469
5427.726005	2.140176	-234.667969	-83.105469
5427.728006	2.365774	-234.667969	-83.105469
5427.730004	2.569407	-234.667969	-83.105469
5427.732005	2.605659	-234.667969	-83.105469
5427.734006	2.600228	28.602512	0.370617
5428.736040	0.456689	-175.390625	342.089844
5428.738044	0.749124	-175.390625	342.089844
5428.740043	1.031469	-175.390625	342.089844
5428.742044	1.295056	-175.390625	342.089844
5428.744044	1.549650	-175.390625	342.089844
5428.746044	1.796931	-175.390625	342.089844
5428.748043	2.031490	-175.390625	342.089844
5428.752042	2.480493	-175.390625	342.089844
5428.754042	2.606609	-175.390625	342.089844
5428.756045	2.601818	28.619997	0.425075
5429.810068	0.437198	-242.578125	-72.070312
5429.814066	1.013351	-242.578125	-72.070312
5429.816069	1.278537	-242.578125	-72.070312
5429.818070	1.533399	-242.578125	-72.070312
5429.820070	1.781376	-242.578125	-72.070312
5429.822069	2.017033	-242.578125	-72.070312
5429.824069	2.242761	-242.578125	-72.070312
5429.826069	2.466497	-242.578125	-72.070312
5429.828069	2.605900	-242.578125	-72.070312
5429.830068	2.602946	-242.578125	-72.070312
5429.832069	2.602783	28.630615	0.349689
5430.826115	0.621996	-203.417969	305.468750
5430.828117	0.909876	-203.417969	305.468750
5430.830117	1.182422	-203.417969	305.468750
5430.832116	1.439014	-203.417969	305.468750
5430.836116	1.931356	-203.417969	305.468750
5430.838116	2.157958	-203.417969	305.468750
5430.840116	2.383482	-203.417969	305.468750
5430.842118	2.578804	-203.417969	305.468750
5430.844117	2.604100	-203.417969	305.468750
5430.846115	2.599016	28.589176	0.791011
5431.898063	0.368906	-255.761719	-66.699219
5431.900071	0.663612	-255.761719	-66.699219
5431.902078	0.950929	-255.761719	-66.699219
5431.904077	0.975198	-255.761719	-66.699219
5431.906080	1.477155	-255.761719	-66.699219
5431.908078	1.727063	-255.761719	-66.699219
5431.910079	1.966332	-255.761719	-66.699219
5431.912079	2.192069	-255.761719	-66.699219
5431.914080	2.417061	-255.761719	-66.699219
5431.916078	2.593694	-255.761719	-66.699219
5431.918078	2.603997	-255.761719	-66.699219
5431.920080	2.599183	28.591017	0.383578
5432.928060	0.424703	-190.039062	308.398437
5432.930067	0.717822	-190.039062	308.398437
5432.932067	1.002625	-190.039062	308.398437
5432.934068	1.268441	-190.039062	308.398437
5432.936068	1.523304	-190.039062	308.398437
5432.938067	1.771668	-190.039062	308.398437
5432.940068	2.007959	-190.039062	308.398437
5432.942068	2.233429	-190.039062	308.398437
5432.944067	2.457381	-190.039062	308.398437
5432.946067	2.604649	-190.039062	308.398437
5432.948068	2.603274	-190.039062	308.398437
5432.950068	2.598918	28.588102	0.336326
5433.982120	0.325914	-247.851562	-66.894531
5433.984121	0.622052	-247.851562	-66.894531
5433.986123	0.910053	-247.851562	-66.894531
5433.988121	1.182587	-247.851562	-66.894531
5433.990122	1.439192	-247.851562	-66.894531
5433.992121	1.690357	-247.851562	-66.894531
5433.994122	1.931651	-247.851562	-66.894531
5433.996122	2.158304	-247.851562	-66.894531
5433.998123	2.383742	-247.851562	-66.894531
5434.000122	2.579377	-247.851562	-66.894531
5434.002121	2.604875	-247.851562	-66.894531
5434.004123	2.599724	28.596964	0.386189
5435.028157	0.406022	-173.632812	338.671875
5435.030159	0.699627	-173.632812	338.671875
5435.032158	0.984270	-173.632812	338.671875
5435.034158	1.251414	-173.632812	338.671875
5435.036158	1.506572	-173.632812	338.671875
5435.038157	1.755527	-173.632812	338.671875
5435.040157	1.992801	-173.632812	338.671875
5435.042159	2.218247	-173.632812	338.671875
5435.044158	2.442757	-173.632812	338.671875
5435.046159	2.601138	-173.632812	338.671875
5435.048160	2.602908	-173.632812	338.671875
5435.052157	2.595319	28.548504	0.342153
5436.074178	0.631994	-225.292969	-71.777344
5436.076181	0.919451	-225.292969	-71.777344
5436.078180	1.191311	-225.292969	-71.777344
5436.080182	1.447744	-225.292969	-71.777344
5436.082180	1.698657	-225.292969	-71.777344
5436.084180	1.939501	-225.292969	-71.777344
5436.086180	1.948681	-225.292969	-71.777344
5436.088180	2.391280	-225.292969	-71.777344
5436.090181	2.582833	-225.292969	-71.777344
5436.092182	2.604174	-225.292969	-71.777344
5436.094189	2.599150	28.590647	0.359830
5437.112225	0.810277	-192.382812	334.277344
5437.114226	1.089596	-192.382812	334.277344
5437.116227	1.348982	-192.382812	334.277344
5437.118229	1.603037	-192.382812	334.277344
5437.120226	1.847974	-192.382812	334.277344
5437.124226	2.304936	-192.382812	334.277344
5437.126229	2.525148	-192.382812	334.277344
5437.130229	2.601476	-192.382812	334.277344
5437.132230	2.597745	28.575199	0.352932
5438.170242	0.546730	-236.132812	-82.812500
5438.174244	1.115433	-236.132812	-82.812500
5438.176243	1.373481	-236.132812	-82.812500
5438.178244	1.627007	-236.132812	-82.812500
5438.180243	1.870994	-236.132812	-82.812500
5438.182245	2.101194	-236.132812	-82.812500
5438.184243	2.326706	-236.132812	-82.812500
5438.186245	2.543195	-236.132812	-82.812500
5438.188243	2.608594	-236.132812	-82.812500
5438.190244	2.602698	28.629677	0.331587
5439.192246	0.403924	-175.976562	343.554687
5439.194248	0.697546	-175.976562	343.554687
5439.196248	0.982158	-175.976562	343.554687
5439.198247	1.249342	-175.976562	343.554687
5439.200248	1.504600	-175.976562	343.554687
5439.202248	1.753550	-175.976562	343.554687
5439.204250	1.990983	-175.976562	343.554687
5439.206249	2.216449	-175.976562	343.554687
5439.208248	2.440871	-175.976562	343.554687
5439.210248	2.600290	-175.976562	343.554687
5439.212248	2.602586	-175.976562	343.554687
5439.214251	2.597988	28.577868	0.365327
5440.266261	0.377777	-245.996094	-69.824219
5440.268262	0.672086	-245.996094	-69.824219
5440.270264	0.957919	-245.996094	-69.824219
5440.272261	1.226997	-245.996094	-69.824219
5440.274263	1.482720	-245.996094	-69.824219
5440.276264	1.732411	-245.996094	-69.824219
5440.278265	1.971283	-245.996094	-69.824219
5440.280263	2.196982	-245.996094	-69.824219
5440.282262	2.421822	-245.996094	-69.824219
5440.284263	2.595411	-245.996094	-69.824219
5440.286263	2.603906	-245.996094	-69.824219
5440.288264	2.599169	28.590858	0.332878
5441.284220	0.544723	-185.058594	318.554687
5441.286223	0.835505	-185.058594	318.554687
5441.288223	1.113458	-185.058594	318.554687
5441.290223	1.371444	-185.058594	318.554687
5441.292223	1.624897	-185.058594	318.554687
5441.294223	1.868877	-185.058594	318.554687
5441.298222	2.324627	-185.058594	318.554687
5441.300224	2.540998	-185.058594	318.554687
5441.302223	2.606389	-185.058594	318.554687
5441.304222	2.600514	28.605659	0.426470
5442.354182	0.528310	-247.070312	-62.207031
5442.358181	1.098371	-247.070312	-62.207031
5442.360185	1.357218	-247.070312	-62.207031
5442.362183	1.611051	-247.070312	-62.207031
5442.364183	1.855680	-247.070312	-62.207031
5442.366186	2.086779	-247.070312	-62.207031
5442.370183	2.531188	-247.070312	-62.207031
5442.372185	2.606969	-247.070312	-62.207031
5442.376182	2.597216	28.569374	0.361493
5443.382262	0.374457	-149.121094	337.304687
5443.384265	0.668868	-149.121094	337.304687
5443.386263	0.954764	-149.121094	337.304687
5443.388263	1.223895	-149.121094	337.304687
5443.390264	1.479627	-149.121094	337.304687
5443.392263	1.729434	-149.121094	337.304687
5443.394264	1.968474	-149.121094	337.304687
5443.396264	2.193996	-149.121094	337.304687
5443.398264	2.418885	-149.121094	337.304687
5443.400263	2.593917	-149.121094	337.304687
5443.402264	2.603280	-149.121094	337.304687
5443.404263	2.598545	28.583990	0.327092
5444.436240	0.340353	-245.117187	-62.402344
5444.438241	0.635903	-245.117187	-62.402344
5444.440242	0.923166	-245.117187	-62.402344
5444.442243	1.194693	-245.117187	-62.402344
5444.444242	1.450928	-245.117187	-62.402344
5444.446240	1.701716	-245.117187	-62.402344
5444.448242	1.942449	-245.117187	-62.402344
5444.452242	2.394231	-245.117187	-62.402344
5444.454248	2.410446	-245.117187	-62.402344
5444.456251	2.603611	-245.117187	-62.402344
5444.458249	2.598727	28.586002	0.364150
5445.482277	1.424684	-167.187500	337.500000
5445.484280	0.786701	-167.187500	337.500000
5445.486280	1.067202	-167.187500	337.500000
5445.488281	1.328168	-167.187500	337.500000
5445.490280	1.582377	-167.187500	337.500000
5445.492280	1.828076	-167.187500	337.500000
5445.494280	2.060841	-167.187500	337.500000
5445.496280	2.286413	-167.187500	337.500000
5445.498281	2.508633	-167.187500	337.500000
5445.500279	2.607484	-167.187500	337.500000
5445.502281	2.601484	28.616320	0.311826
5446.526313	0.430121	-244.531250	-69.042969
5446.528317	0.723044	-244.531250	-69.042969
5446.530317	0.733240	-244.531250	-69.042969
5446.532315	1.271862	-244.531250	-69.042969
5446.534315	1.526627	-244.531250	-69.042969
5446.536315	1.774791	-244.531250	-69.042969
5446.538316	2.010782	-244.531250	-69.042969
5446.540316	2.236274	-244.531250	-69.042969
5446.544313	2.604056	-244.531250	-69.042969
5446.546316	2.602079	-244.531250	-69.042969
5446.548317	2.597664	28.574303	0.333153
5447.570223	0.421643	-155.371094	356.640625
5447.572224	0.714738	-155.371094	356.640625
5447.574225	0.998524	-155.371094	356.640625
5447.576226	1.264645	-155.371094	356.640625
5447.578225	1.519507	-155.371094	356.640625
5447.580226	1.767916	-155.371094	356.640625
5447.582224	2.004392	-155.371094	356.640625
5447.584225	2.229917	-155.371094	356.640625
5447.586225	2.453974	-155.371094	356.640625
5447.588225	2.603288	-155.371094	356.640625
5447.590222	2.602564	-155.371094	356.640625
5447.592226	2.598136	28.579498	0.337061
5448.616255	0.797446	-235.058594	-73.828125
5448.620256	1.337716	-235.058594	-73.828125
5448.622256	1.591786	-235.058594	-73.828125
5448.624257	1.837060	-235.058594	-73.828125
5448.626256	2.069306	-235.058594	-73.828125
5448.628258	2.294721	-235.058594	-73.828125
5448.630256	2.516064	-235.058594	-73.828125
5448.632257	2.607491	-235.058594	-73.828125
5448.634257	2.601551	28.617056	0.316755
5449.658229	0.356203	-166.210937	355.761719
5449.660230	0.651127	-166.210937	355.761719
5449.662229	0.937847	-166.210937	355.761719
5449.664231	1.208271	-166.210937	355.761719
5449.666229	1.464354	-166.210937	355.761719
5449.668231	1.714621	-166.210937	355.761719
5449.670237	1.954812	-166.210937	355.761719
5449.672238	2.181053	-166.210937	355.761719
5449.678237	2.603777	-166.210937	355.761719
5449.680238	2.599122	-166.210937	355.761719
5449.682236	2.595719	28.552910	0.304487
5450.708326	0.430275	-221.582031	-74.609375
5450.712326	1.006684	-221.582031	-74.609375
5450.714328	1.016812	-221.582031	-74.609375
5450.716327	1.526960	-221.582031	-74.609375
5450.718327	1.775066	-221.582031	-74.609375
5450.720328	2.011039	-221.582031	-74.609375
5450.722328	2.236578	-221.582031	-74.609375
5450.724328	2.460463	-221.582031	-74.609375
5450.726328	2.604738	-221.582031	-74.609375
5450.728328	2.602681	-221.582031	-74.609375
5450.730328	2.598302	28.581324	0.311415
5451.746364	0.536397	-173.535156	352.148437
5451.748364	0.827268	-173.535156	352.148437
5451.750366	1.105775	-173.535156	352.148437
5451.752366	1.363977	-173.535156	352.148437
5451.754366	1.617790	-173.535156	352.148437
5451.756366	1.861982	-173.535156	352.148437
5451.760364	2.318112	-173.535156	352.148437
5451.762366	2.326979	-173.535156	352.148437
5451.764367	2.608718	-173.535156	352.148437
5451.766365	2.602714	28.629852	0.364241
5452.804909	0.794511	-231.640625	-79.492187
5452.806909	1.074677	-231.640625	-79.492187
5452.808910	1.335133	-231.640625	-79.492187
5452.810912	1.589178	-231.640625	-79.492187
5452.812914	1.834600	-231.640625	-79.492187
5452.814922	2.067527	-231.640625	-79.492187
5452.816926	2.087410	-231.640625	-79.492187
5452.818927	2.515879	-231.640625	-79.492187
5452.820925	2.607645	-231.640625	-79.492187
5452.822925	2.601596	28.617552	0.295639
5453.838930	0.837278	-164.843750	360.058594
5453.840932	1.115112	-164.843750	360.058594
5453.842933	1.373277	-164.843750	360.058594
5453.844933	1.626620	-164.843750	360.058594
5453.846933	1.870454	-164.843750	360.058594
5453.848932	2.100633	-164.843750	360.058594
5453.850933	2.325927	-164.843750	360.058594
5453.852933	2.542073	-164.843750	360.058594
5453.854932	2.605968	-164.843750	360.058594
5453.856933	2.600127	28.601397	0.405194
5454.896969	0.576757	-228.808594	-77.246094
5454.898970	0.866520	-228.808594	-77.246094
5454.900971	1.142213	-228.808594	-77.246094
5454.902971	1.399594	-228.808594	-77.246094
5454.904969	1.652013	-228.808594	-77.246094
5454.906969	1.894825	-228.808594	-77.246094
5454.908971	2.123558	-228.808594	-77.246094
5454.910971	2.348877	-228.808594	-77.246094
5454.912969	2.558384	-228.808594	-77.246094
5454.914970	2.604885	-228.808594	-77.246094
5454.916970	2.599345	28.592800	0.532102
5455.926907	0.396413	-179.980469	347.070312
5455.928909	0.690092	-179.980469	347.070312
5455.930909	0.975005	-179.980469	347.070312
5455.932908	1.242763	-179.980469	347.070312
5455.934909	1.498003	-179.980469	347.070312
5455.936910	1.747100	-179.980469	347.070312
5455.938910	1.985058	-179.980469	347.070312
5455.940909	1.995088	-179.980469	347.070312
5455.942910	2.435023	-179.980469	347.070312
5455.944909	2.598658	-179.980469	347.070312
5455.946909	2.602475	-179.980469	347.070312
5455.948910	2.597832	28.576157	0.315551
5456.986904	0.493261	-230.468750	-78.222656
5456.988906	0.784961	-230.468750	-78.222656
5456.990906	1.065531	-230.468750	-78.222656
5456.992906	1.326616	-230.468750	-78.222656
5456.994906	1.580807	-230.468750	-78.222656
5456.996907	1.826622	-230.468750	-78.222656
5456.998906	2.059432	-230.468750	-78.222656
5457.000906	2.285016	-230.468750	-78.222656
5457.002906	2.507293	-230.468750	-78.222656
5457.004908	2.607599	-230.468750	-78.222656
5457.006908	2.601645	28.618092	0.305029
5458.016933	0.325230	-165.820312	359.277344
5458.018935	0.621227	-165.820312	359.277344
5458.022933	1.181635	-165.820312	359.277344
5458.024934	1.438154	-165.820312	359.277344
5458.028931	1.930430	-165.820312	359.277344
5458.030934	2.157035	-165.820312	359.277344
5458.032933	2.382486	-165.820312	359.277344
5458.036932	2.603633	-165.820312	359.277344
5458.038939	2.598594	-165.820312	359.277344
5458.040939	2.595046	28.545502	0.323498
5459.076872	0.339682	-227.929687	-78.417969
5459.080872	0.922507	-227.929687	-78.417969
5459.082874	1.194104	-227.929687	-78.417969
5459.084875	1.450342	-227.929687	-78.417969
5459.086873	1.701092	-227.929687	-78.417969
5459.088873	1.941848	-227.929687	-78.417969
5459.092873	2.393252	-227.929687	-78.417969
5459.094872	2.583454	-227.929687	-78.417969
5459.096874	2.603683	-227.929687	-78.417969
5459.098874	2.598681	28.585495	0.308783
5460.110896	0.384970	-167.089844	358.007812
5460.112897	0.678994	-167.089844	358.007812
5460.114897	0.964415	-167.089844	358.007812
5460.116897	1.232822	-167.089844	358.007812
5460.118897	1.243047	-167.089844	358.007812
5460.120897	1.737797	-167.089844	358.007812
5460.122896	1.976289	-167.089844	358.007812
5460.124897	2.201772	-167.089844	358.007812
5460.128896	2.596095	-167.089844	358.007812
5460.130899	2.597178	-167.089844	358.007812
5460.132898	2.597846	28.576305	0.304619
5461.166861	0.716922	-227.050781	-77.734375
5461.168863	1.000606	-227.050781	-77.734375
5461.170862	1.266431	-227.050781	-77.734375
5461.172862	1.521250	-227.050781	-77.734375
5461.174862	1.769655	-227.050781	-77.734375
5461.176863	2.005858	-227.050781	-77.734375
5461.178862	2.231416	-227.050781	-77.734375
5461.180862	2.455364	-227.050781	-77.734375
5461.182863	2.603270	-227.050781	-77.734375
5461.186861	2.597592	-227.050781	-77.734375
5461.188863	2.594532	28.539846	0.283345
5462.202907	0.302381	-152.148437	364.160156
5462.204908	0.599414	-152.148437	364.160156
5462.206907	0.888148	-152.148437	364.160156
5462.208907	1.162166	-152.148437	364.160156
5462.210906	1.418986	-152.148437	364.160156
5462.212907	1.670822	-152.148437	364.160156
5462.214906	1.912749	-152.148437	364.160156
5462.216907	2.140425	-152.148437	364.160156
5462.218907	2.365804	-152.148437	364.160156
5462.220908	2.568936	-152.148437	364.160156
5462.222906	2.604226	-152.148437	364.160156
5462.224908	2.598940	28.588341	0.291248
5463.250922	0.295182	-217.480469	-68.554687
5463.252925	0.592496	-217.480469	-68.554687
5463.256922	1.156170	-217.480469	-68.554687
5463.258923	1.413193	-217.480469	-68.554687
5463.260924	1.665229	-217.480469	-68.554687
5463.262926	1.907449	-217.480469	-68.554687
5463.264924	2.135488	-217.480469	-68.554687
5463.266925	2.360840	-217.480469	-68.554687
5463.268925	2.566154	-217.480469	-68.554687
5463.270924	2.604640	-217.480469	-68.554687
5463.272925	2.599281	28.592089	0.275663
5464.294978	0.310217	-134.179687	373.437500
5464.296981	0.606819	-134.179687	373.437500
5464.300978	1.168903	-134.179687	373.437500
5464.302980	1.425658	-134.179687	373.437500
5464.304980	1.677302	-134.179687	373.437500
5464.306985	1.919013	-134.179687	373.437500
5464.308983	2.146543	-134.179687	373.437500
5464.310982	2.371963	-134.179687	373.437500
5464.312983	2.572464	-134.179687	373.437500
5464.314983	2.603914	-134.179687	373.437500
5464.316983	2.598748	28.586233	0.272340
5465.341025	0.618520	-235.058594	-67.089844
5465.343027	0.906504	-235.058594	-67.089844
5465.345032	1.179690	-235.058594	-67.089844
5465.347036	1.436960	-235.058594	-67.089844
5465.351035	1.929390	-235.058594	-67.089844
5465.353036	2.155981	-235.058594	-67.089844
5465.355036	2.381536	-235.058594	-67.089844
5465.357038	2.577348	-235.058594	-67.089844
5465.359036	2.603435	-235.058594	-67.089844
5465.361037	2.598280	28.581081	0.269848
5466.385014	0.395952	-137.695312	361.035156
5466.387017	0.689669	-137.695312	361.035156
5466.389017	0.699328	-137.695312	361.035156
5466.393014	1.497524	-137.695312	361.035156
5466.395016	1.746694	-137.695312	361.035156
5466.397016	1.984521	-137.695312	361.035156
5466.399015	2.209949	-137.695312	361.035156
5466.401015	2.434591	-137.695312	361.035156
5466.403016	2.598417	-137.695312	361.035156
5466.407013	2.597714	-137.695312	361.035156
5466.409015	2.594568	28.540245	0.245453
5467.435059	0.685980	-241.210937	-58.105469
5467.437063	0.971087	-241.210937	-58.105469
5467.439064	1.239061	-241.210937	-58.105469
5467.441063	1.494525	-241.210937	-58.105469
5467.443063	1.743613	-241.210937	-58.105469
5467.445062	1.981603	-241.210937	-58.105469
5467.447062	2.207080	-241.210937	-58.105469
5467.449063	2.431678	-241.210937	-58.105469
5467.451062	2.597507	-241.210937	-58.105469
5467.453063	2.602422	-241.210937	-58.105469
5467.455062	2.597712	28.574827	0.287333
5468.469049	0.347979	-165.429687	334.375000
5468.471051	0.643180	-165.429687	334.375000
5468.473050	0.930103	-165.429687	334.375000
5468.475051	1.201096	-165.429687	334.375000
5468.477049	1.457163	-165.429687	334.375000
5468.479051	1.707603	-165.429687	334.375000
5468.481049	1.948037	-165.429687	334.375000
5468.483052	2.173717	-165.429687	334.375000
5468.485051	2.399127	-165.429687	334.375000
5468.487050	2.585955	-165.429687	334.375000
5468.489050	2.603247	-165.429687	334.375000
5468.491051	2.598380	28.582180	0.267609
5469.529028	0.445862	-234.667969	-54.980469
5469.531037	0.738367	-234.667969	-54.980469
5469.533042	0.762715	-234.667969	-54.980469
5469.535043	1.286897	-234.667969	-54.980469
5469.537043	1.541512	-234.667969	-54.980469
5469.539041	1.788966	-234.667969	-54.980469
5469.541042	2.024084	-234.667969	-54.980469
5469.543042	2.249568	-234.667969	-54.980469
5469.545059	2.473017	-234.667969	-54.980469
5469.547060	2.606385	-234.667969	-54.980469
5469.549060	2.602172	28.623896	0.293769
5470.553097	0.301552	-128.222656	360.644531
5470.555099	0.598497	-128.222656	360.644531
5470.557100	0.887334	-128.222656	360.644531
5470.559100	1.161398	-128.222656	360.644531
5470.563102	1.670646	-128.222656	360.644531
5470.565104	1.912492	-128.222656	360.644531
5470.567104	2.140069	-128.222656	360.644531
5470.569103	2.365376	-128.222656	360.644531
5470.571102	2.568487	-128.222656	360.644531
5470.573103	2.603735	-128.222656	360.644531
5470.575102	2.598418	28.582598	0.274353
5471.623137	0.295536	-227.441406	-57.812500
5471.625140	0.592822	-227.441406	-57.812500
5471.629138	1.156377	-227.441406	-57.812500
5471.631141	1.413483	-227.441406	-57.812500
5471.633140	1.665492	-227.441406	-57.812500
5471.635141	1.907758	-227.441406	-57.812500
5471.637139	2.135705	-227.441406	-57.812500
5471.639141	2.361041	-227.441406	-57.812500
5471.641140	2.565966	-227.441406	-57.812500
5471.643139	2.604398	-227.441406	-57.812500
5471.645142	2.598914	28.588058	0.269328
5472.641216	0.329725	-133.984375	375.000000
5472.643218	0.625504	-133.984375	375.000000
5472.645218	0.913190	-133.984375	375.000000
5472.647219	1.185300	-133.984375	375.000000
5472.649219	1.441699	-133.984375	375.000000
5472.651218	1.692708	-133.984375	375.000000
5472.653218	1.933596	-133.984375	375.000000
5472.655219	2.160111	-133.984375	375.000000
5472.657219	2.385440	-133.984375	375.000000
5472.659218	2.579400	-133.984375	375.000000
5472.661218	2.603184	-133.984375	375.000000
5472.663218	2.598125	28.579372	0.270417
5473.713294	0.549649	-217.089844	-63.867187
5473.715294	0.840344	-217.089844	-63.867187
5473.717295	1.117945	-217.089844	-63.867187
5473.721292	1.629113	-217.089844	-63.867187
5473.723294	1.872831	-217.089844	-63.867187
5473.725294	2.102911	-217.089844	-63.867187
5473.727296	2.328209	-217.089844	-63.867187
5473.729294	2.543751	-217.089844	-63.867187
5473.731294	2.605786	-217.089844	-63.867187
5473.733295	2.599991	28.599897	0.257145
5474.737394	0.488476	-147.753906	382.617187
5474.739395	0.780126	-147.753906	382.617187
5474.741396	1.060826	-147.753906	382.617187
5474.743396	1.322116	-147.753906	382.617187
5474.745396	1.576281	-147.753906	382.617187
5474.747397	1.822120	-147.753906	382.617187
5474.749398	2.055264	-147.753906	382.617187
5474.751401	2.280616	-147.753906	382.617187
5474.753408	2.504345	-147.753906	382.617187
5474.755407	2.606470	-147.753906	382.617187
5474.757408	2.600576	28.606333	0.254542
5475.797436	0.594028	-225.097656	-72.753906
5475.799437	0.883058	-225.097656	-72.753906
5475.801436	1.157472	-225.097656	-72.753906
5475.803435	1.414428	-225.097656	-72.753906
5475.805438	1.666377	-225.097656	-72.753906
5475.807436	1.908548	-225.097656	-72.753906
5475.809437	2.136466	-225.097656	-72.753906
5475.811437	2.361737	-225.097656	-72.753906
5475.813436	2.566500	-225.097656	-72.753906
5475.815438	2.604365	-225.097656	-72.753906
5475.817438	2.599023	28.589254	0.587983
5476.833390	0.314358	-134.960937	387.011719
5476.835393	0.610710	-134.960937	387.011719
5476.837391	0.898993	-134.960937	387.011719
5476.839394	1.172137	-134.960937	387.011719
5476.841391	1.428802	-134.960937	387.011719
5476.843393	1.680220	-134.960937	387.011719
5476.845392	1.921697	-134.960937	387.011719
5476.847391	2.148879	-134.960937	387.011719
5476.849392	2.374192	-134.960937	387.011719
5476.853391	2.603435	-134.960937	387.011719
5476.855392	2.598278	-134.960937	387.011719
5476.857392	2.594771	28.542480	0.273293
5477.881394	0.459191	-230.957031	-68.066406
5477.883395	0.751349	-230.957031	-68.066406
5477.885397	1.033395	-230.957031	-68.066406
5477.887395	1.296746	-230.957031	-68.066406
5477.889396	1.551113	-230.957031	-68.066406
5477.891396	1.798150	-230.957031	-68.066406
5477.893395	2.032661	-230.957031	-68.066406
5477.897394	2.481317	-230.957031	-68.066406
5477.899395	2.605613	-230.957031	-68.066406
5477.901395	2.600714	28.607857	0.276380
5478.929393	0.822148	-163.867187	350.000000
5478.931397	1.100805	-163.867187	350.000000
5478.933393	1.359359	-163.867187	350.000000
5478.935397	1.613171	-163.867187	350.000000
5478.937397	1.857510	-163.867187	350.000000
5478.939397	2.088498	-163.867187	350.000000
5478.941397	2.313812	-163.867187	350.000000
5478.943397	2.532395	-163.867187	350.000000
5478.945397	2.606874	-163.867187	350.000000
5478.947398	2.600922	28.610144	0.276996
5479.973370	0.451018	-232.031250	-56.152344
5479.975370	0.743381	-232.031250	-56.152344
5479.977370	1.025796	-232.031250	-56.152344
5479.979370	1.289775	-232.031250	-56.152344
5479.981369	1.544271	-232.031250	-56.152344
5479.983370	1.791521	-232.031250	-56.152344
5479.985372	1.800868	-232.031250	-56.152344
5479.989370	2.475383	-232.031250	-56.152344
5479.993369	2.601232	-232.031250	-56.152344
5479.995369	2.596926	28.566185	0.263357
5481.015401	0.616545	-144.628906	353.906250
5481.017402	0.904558	-144.628906	353.906250
5481.019401	1.177339	-144.628906	353.906250
5481.021403	1.433932	-144.628906	353.906250
5481.025399	1.926539	-144.628906	353.906250
5481.027402	2.153364	-144.628906	353.906250
5481.029402	2.378787	-144.628906	353.906250
5481.031402	2.385587	-144.628906	353.906250
5481.033403	2.603503	-144.628906	353.906250
5481.035401	2.598347	28.581820	0.685722
5482.067935	0.292429	-235.253906	-52.929687
5482.069936	0.589753	-235.253906	-52.929687
5482.071936	0.878900	-235.253906	-52.929687
5482.073935	1.153557	-235.253906	-52.929687
5482.075936	1.410636	-235.253906	-52.929687
5482.077938	1.662700	-235.253906	-52.929687
5482.079936	1.904981	-235.253906	-52.929687
5482.083935	2.358448	-235.253906	-52.929687
5482.085936	2.564529	-235.253906	-52.929687
5482.087938	2.604405	-235.253906	-52.929687
5482.089936	2.598898	28.587879	0.274072
5483.099946	0.570910	-116.601562	369.042969
5483.103946	1.136775	-116.601562	369.042969
5483.105948	1.394217	-116.601562	369.042969
5483.107948	1.646781	-116.601562	369.042969
5483.109948	1.889698	-116.601562	369.042969
5483.111948	2.118630	-116.601562	369.042969
5483.113949	2.343978	-116.601562	369.042969
5483.115949	2.554870	-116.601562	369.042969
5483.117948	2.604517	-116.601562	369.042969
5483.119948	2.598846	28.587305	0.262020
5484.165949	0.724510	-242.187500	-56.835937
5484.167951	1.007813	-242.187500	-56.835937
5484.171949	1.527843	-242.187500	-56.835937
5484.173952	1.775809	-242.187500	-56.835937
5484.175950	2.011749	-242.187500	-56.835937
5484.177953	2.237149	-242.187500	-56.835937
5484.179951	2.460963	-242.187500	-56.835937
5484.181951	2.604717	-242.187500	-56.835937
5484.183953	2.602670	-242.187500	-56.835937
5484.185951	2.598354	28.581898	0.251155
5485.187919	0.798437	-130.761719	370.019531
5485.189922	1.078227	-130.761719	370.019531
5485.191920	1.338282	-130.761719	370.019531
5485.193922	1.592161	-130.761719	370.019531
5485.195921	1.837404	-130.761719	370.019531
5485.197920	2.069454	-130.761719	370.019531
5485.199920	2.294864	-130.761719	370.019531
5485.201921	2.516108	-130.761719	370.019531
5485.205920	2.600610	-130.761719	370.019531
5485.207921	2.596676	28.563437	0.230581
5486.255942	0.500693	-229.589844	-56.250000
5486.259943	1.072249	-229.589844	-56.250000
5486.261944	1.332788	-229.589844	-56.250000
5486.263945	1.586833	-229.589844	-56.250000
5486.265945	1.832285	-229.589844	-56.250000
5486.267944	2.064821	-229.589844	-56.250000
5486.269946	2.290224	-229.589844	-56.250000
5486.271945	2.511888	-229.589844	-56.250000
5486.273945	2.606591	-229.589844	-56.250000
5486.275945	2.600605	28.606649	0.245976
5487.275971	0.668548	-110.058594	401.074219
5487.277971	0.954270	-110.058594	401.074219
5487.279971	0.964492	-110.058594	401.074219
5487.281970	1.478951	-110.058594	401.074219
5487.283972	1.728634	-110.058594	401.074219
5487.285971	1.967578	-110.058594	401.074219
5487.287973	2.193057	-110.058594	401.074219
5487.289971	2.418006	-110.058594	401.074219
5487.291970	2.592675	-110.058594	401.074219
5487.293972	2.601871	-110.058594	401.074219
5487.295972	2.597120	28.568321	0.233960
