time (s)	energy (uJ)	charge (mC)	voltage (mV)	crossing#mod 255
6535.400928	79.425247	0.028736	2.763916	93
6536.541619	65.618042	0.028706	2.285890	94
6537.456558	115.778938	0.028655	4.040398	95
6538.606205	77.581879	0.028737	2.699746	96
6539.612130	51.212570	0.028689	1.785119	97
6540.715894	97.543228	0.028685	3.400553	98
6541.671695	79.402267	0.028695	2.767151	99
6542.811226	104.700912	0.028687	3.649733	100
6543.815605	46.428982	0.028702	1.617643	101
6544.914555	93.328201	0.028708	3.250913	102
6545.866395	68.037003	0.028700	2.370647	103
6547.032088	77.453735	0.028726	2.696298	104
6547.952442	96.713356	0.028668	3.373547	105
6549.121956	80.891663	0.028693	2.819210	106
6550.045976	110.928658	0.028650	3.871790	107
6551.192188	87.272774	0.028733	3.037384	108
6552.202385	69.206696	0.028634	2.416961	109
6553.265202	114.852287	0.028700	4.001802	110
6554.294019	85.113960	0.028705	2.965162	111
6555.374757	99.905899	0.028706	3.480281	112
6556.354343	83.405785	0.028656	2.910586	113
6557.503886	68.866264	0.028680	2.401234	114
6558.454720	91.873367	0.028624	3.209607	115
6559.586177	65.655197	0.028688	2.288608	116
6560.579162	54.880596	0.028673	1.913989	117
6561.651872	99.398560	0.028702	3.463165	118
6562.653660	62.894299	0.028668	2.193912	119
6563.778909	76.202888	0.028699	2.655227	120
6564.724428	76.771996	0.028681	2.676739	121
6565.872839	68.727776	0.028689	2.395642	122
6566.857525	55.612282	0.028688	1.938537	123
6567.934089	81.431778	0.028699	2.837424	124
6568.958400	71.618935	0.028690	2.496325	125
6570.028755	85.996124	0.028683	2.998131	126
6571.035512	66.786568	0.028649	2.331215	127
6572.152236	61.281666	0.028676	2.137062	128
6573.106852	70.240753	0.028675	2.449543	129
6574.250275	76.490494	0.028709	2.664334	130
6575.208814	59.037464	0.028665	2.059574	131
6576.332957	74.532158	0.028667	2.599916	132
6577.321592	48.170406	0.028612	1.683601	133
6578.414590	72.151291	0.028613	2.521601	134
6579.411360	62.519451	0.028669	2.180710	135
6580.515308	57.363705	0.028699	1.998814	136
6581.511066	57.093426	0.028644	1.993198	137
6582.599161	63.915745	0.028693	2.227603	138
6583.609637	59.497482	0.028665	2.075624	139
6584.691143	57.652336	0.028687	2.009684	140
6585.704144	53.661736	0.028604	1.876015	141
6586.783669	60.248119	0.028662	2.101995	142
6587.794652	52.805935	0.028607	1.845925	143
6588.876978	55.599251	0.028654	1.940356	144
6589.868802	58.184170	0.028596	2.034686	145
6590.981112	52.291500	0.028585	1.829316	146
6591.955504	52.502090	0.028652	1.832387	147
6593.085482	54.226292	0.028692	1.889933	148
6594.040472	48.847431	0.028665	1.704085	149
6595.168290	66.617462	0.028677	2.323023	150
6596.142208	43.180012	0.028629	1.508245	151
6597.244294	67.644508	0.028659	2.360358	152
6598.259101	44.928856	0.028670	1.567097	153
6599.323248	64.456734	0.028640	2.250546	154
6600.341819	51.408833	0.028651	1.794335	155
6601.433797	45.705894	0.028641	1.595809	156
6602.412508	53.544888	0.028629	1.870307	157
6603.541948	56.234886	0.028672	1.961318	158
6604.510391	36.261364	0.028586	1.268482	159
6605.621097	64.002129	0.028663	2.232896	160
6606.618866	38.975761	0.028628	1.361434	161
6607.692276	64.908234	0.028640	2.266323	162
6608.717343	51.118671	0.028630	1.785468	163
6609.776764	57.129780	0.028678	1.992109	164
6610.792685	48.973255	0.028660	1.708791	165
6611.893108	43.577930	0.028665	1.520264	166
6612.874602	178.845139	0.028611	6.250881	167
6613.990533	54.070248	0.028650	1.887263	168
6614.955943	41.374794	0.028558	1.448776	169
6616.076087	47.186787	0.028626	1.648388	170
6617.061435	38.758667	0.028627	1.353931	171
6618.158974	54.153053	0.028634	1.891240	172
6619.158743	53.807026	0.028646	1.878334	173
6620.241269	55.605118	0.028628	1.942339	174
6621.254861	39.436333	0.028628	1.377566	175
6622.328929	54.986900	0.028623	1.921066	176
6623.343464	46.174660	0.028632	1.612703	177
6624.418045	54.085896	0.028664	1.886921	178
6625.437816	43.790031	0.028664	1.527721	179
6626.506259	54.441399	0.028574	1.905276	180
6627.523627	44.960850	0.028601	1.572004	181
6628.601996	121.188210	0.028658	4.228772	182
6629.613876	42.066532	0.028622	1.469751	183
6630.694475	48.479172	0.028641	1.692672	184
6631.703725	39.200100	0.028616	1.369853	185
6632.792759	44.905632	0.028640	1.567913	186
6633.786625	37.440857	0.028619	1.308229	187
6634.888960	48.701412	0.028675	1.698418	188
6635.876517	30.828821	0.028551	1.079764	189
6636.982618	52.319214	0.028658	1.825617	190
6637.964213	32.455215	0.028624	1.133842	191
6639.070618	50.743149	0.028661	1.770439	192
6640.057953	31.168636	0.028627	1.088791	193
6641.153149	46.647892	0.028628	1.629441	194
6642.159211	39.685612	0.028611	1.387082	195
6643.237916	40.671768	0.028652	1.419496	196
6644.254640	34.589748	0.028618	1.208660	197
6645.328100	42.405449	0.028620	1.481648	198
6646.333977	31.858669	0.028613	1.113435	199
6647.431250	45.867134	0.028620	1.602615	200
6648.415329	30.922447	0.028636	1.079834	201
6649.528060	46.261456	0.028617	1.616567	202
6650.506157	32.802193	0.028605	1.146741	203
6651.610786	43.928295	0.028661	1.532664	204
6652.606997	34.448238	0.028599	1.204530	205
6653.691571	41.837734	0.028583	1.463713	206
6654.704926	36.101425	0.028639	1.260554	207
6655.783656	36.739319	0.028621	1.283640	208
6656.799235	32.826096	0.028632	1.146477	209
6657.866854	42.375854	0.028642	1.479516	210
6658.885719	31.843149	0.028622	1.112535	211
6659.961321	44.568199	0.028628	1.556813	212
6660.970517	31.180401	0.028606	1.089979	213
6662.056245	41.272034	0.028649	1.440634	214
6663.058137	31.794764	0.028607	1.111449	215
6664.148176	43.749786	0.028651	1.526978	216
6665.150046	30.243633	0.028652	1.055560	217
6666.238336	43.591419	0.028623	1.522943	218
6667.236781	32.415791	0.028605	1.133214	219
6668.327249	41.815620	0.028588	1.462688	220
6669.332070	31.130533	0.028600	1.088499	221
6670.413027	41.785309	0.028627	1.459651	222
6671.421784	33.496025	0.028617	1.170496	223
6672.500239	40.669342	0.028610	1.421529	224
6673.514808	35.013725	0.028606	1.223989	225
6674.586676	38.495365	0.028645	1.343894	226
6675.604773	34.609314	0.028596	1.210283	227
6676.678386	88.424957	0.028641	3.087383	228
6677.695639	31.021803	0.028585	1.085262	229
6678.776713	37.491398	0.028638	1.309158	230
6679.778854	30.895773	0.028556	1.081918	231
6680.873120	43.262764	0.028627	1.511233	232
6681.862020	29.110682	0.028589	1.018260	233
6682.967005	42.882290	0.028609	1.498934	234
6683.949965	27.765707	0.028611	0.970459	235
6685.055142	40.860321	0.028635	1.426920	236
6686.046853	26.690676	0.028554	0.934749	237
6687.138565	38.997879	0.028642	1.361563	238
6688.142005	23.664160	0.028586	0.827820	239
6689.221623	38.533516	0.028633	1.345796	240
6690.242666	29.240950	0.028565	1.023665	241
6691.306952	38.360222	0.028625	1.340095	242
6692.328637	31.313986	0.028613	1.094396	243
6693.399071	36.239162	0.028618	1.266288	244
6694.411735	31.083149	0.028617	1.086166	245
6695.499298	35.674019	0.028629	1.246067	246
6696.493983	30.263603	0.028583	1.058790	247
6697.594116	37.232521	0.028632	1.300374	248
6698.582563	28.482580	0.028595	0.996078	249
6699.690481	37.124130	0.028608	1.297694	250
6700.669514	26.798523	0.028585	0.937488	251
6701.780043	34.391758	0.028644	1.200671	252
6702.756909	140.606079	0.028621	4.912768	253
6703.871581	39.647160	0.028646	1.384033	254
6704.848267	25.666275	0.028578	0.898125	255
6705.959822	39.210827	0.028596	1.371178	0
6706.938448	25.409462	0.028577	0.889165	1
6708.048881	38.979683	0.028616	1.362184	2
6709.029085	26.098131	0.028579	0.913207	3
6710.136842	37.885342	0.028563	1.326372	4
6711.122579	26.593397	0.028617	0.929298	5
6712.223268	36.427780	0.028591	1.274091	6
6713.217872	26.291986	0.028610	0.918995	7
6714.307009	35.190002	0.028597	1.230556	8
6715.315226	28.745165	0.028583	1.005690	9
6716.394114	33.332714	0.028621	1.164643	10
6717.408646	28.441385	0.028595	0.994631	11
6718.477605	24.125540	0.028596	0.843669	12
6719.500636	25.351725	0.028544	0.888165	13
6720.570445	36.814484	0.028597	1.287346	14
6721.582614	26.071280	0.028611	0.911242	15
6722.668651	39.716164	0.028572	1.390016	16
6723.663194	24.643728	0.028585	0.862107	17
6724.765117	37.786652	0.028592	1.321576	18
6725.747565	24.996492	0.028604	0.873885	19
6726.858562	812.336548	0.028603	28.400488	20
6727.836712	25.115120	0.028579	0.878784	21
6728.946443	37.037842	0.028635	1.293459	22
6729.932757	23.530264	0.028576	0.823428	23
6731.032494	36.275440	0.028596	1.268559	24
6732.027354	25.318523	0.028580	0.885873	25
6733.115151	34.453686	0.028603	1.204558	26
6734.120727	28.263283	0.028609	0.987930	27
6735.201611	32.842747	0.028596	1.148493	28
6736.215779	26.365557	0.028549	0.923513	29
6737.289414	31.891665	0.028580	1.115878	30
6738.307972	26.692490	0.028586	0.933750	31
6739.377875	31.437469	0.028619	1.098499	32
6740.399222	26.052958	0.028608	0.910686	33
6741.465913	32.589687	0.028527	1.142430	34
6742.490355	25.613100	0.028579	0.896230	35
6743.555976	32.878979	0.028582	1.150337	36
6744.577545	25.621719	0.028576	0.896613	37
6745.643714	33.503471	0.028545	1.173725	38
6746.667484	27.466146	0.028589	0.960739	39
6747.734802	33.243626	0.028599	1.162401	40
6748.757293	22.448788	0.028624	0.784277	41
6749.823382	33.063877	0.028609	1.155717	42
6750.842432	27.652224	0.028579	0.967572	43
6751.919194	26.351524	0.028574	0.922224	44
6752.929934	25.539412	0.028506	0.895936	45
6754.013770	31.990788	0.028580	1.119333	46
6755.015774	209.499207	0.028603	7.324471	47
6756.106046	34.410294	0.028584	1.203837	48
6757.102448	24.087315	0.028605	0.842061	49
6758.200092	35.807228	0.028610	1.251579	50
6759.188609	23.488874	0.028556	0.822556	51
6760.291841	34.206299	0.028550	1.198129	52
6761.279486	23.978453	0.028575	0.839147	53
6762.375131	33.332710	0.028619	1.164703	54
6763.372400	23.302898	0.028522	0.817008	55
6764.464521	34.703911	0.028596	1.213589	56
6765.468211	22.209305	0.028595	0.776696	57
6766.547525	34.522404	0.028578	1.208021	58
6767.563150	24.297636	0.028579	0.850188	59
6768.632172	33.786850	0.028577	1.182312	60
6769.655877	24.876532	0.028534	0.871809	61
6770.718804	31.198027	0.028589	1.091271	62
6771.742043	26.917385	0.028578	0.941895	63
6772.809732	30.647076	0.028601	1.071527	64
6773.831277	25.075087	0.028570	0.877667	65
6774.904947	30.160616	0.028616	1.053966	66
6775.918211	23.505409	0.028575	0.822583	67
6776.999027	31.026747	0.028540	1.087147	68
6778.005357	24.554565	0.028577	0.859247	69
6779.090721	32.169487	0.028588	1.125292	70
6780.093125	24.748312	0.028559	0.866561	71
6781.178542	28.925791	0.028613	1.010936	72
6782.183588	26.035713	0.028558	0.911670	73
6783.269614	32.186703	0.028587	1.125919	74
6784.275295	25.920298	0.028568	0.907305	75
6785.357878	31.501392	0.028543	1.103643	76
6786.367550	25.820507	0.028594	0.903019	77
6787.444650	29.896997	0.028567	1.046557	78
6788.460118	17.892365	0.028597	0.625672	79
6789.531698	29.192924	0.028560	1.022156	80
6790.551457	25.070065	0.028522	0.878974	81
6791.617055	24.387312	0.028577	0.853382	82
6792.643377	23.808531	0.028552	0.833878	83
6793.705857	30.899538	0.028578	1.081223	84
6794.732077	24.392073	0.028573	0.853674	85
6795.798428	32.559238	0.028605	1.138255	86
6796.818794	24.524683	0.028565	0.858542	87
6797.891778	33.467888	0.028534	1.172929	88
6798.903039	23.846401	0.028564	0.834854	89
6799.985893	34.273499	0.028581	1.199191	90
6800.987693	22.213188	0.028590	0.776951	91
6802.080911	32.661732	0.028558	1.143711	92
6803.072304	21.118874	0.028549	0.739750	93
6804.175412	31.943136	0.028595	1.117077	94
6805.163731	19.396477	0.028588	0.678480	95
6806.264843	33.582329	0.028579	1.175078	96
6807.252400	20.201393	0.028561	0.707301	97
6808.353257	33.855480	0.028594	1.184023	98
6809.342520	20.045534	0.028516	0.702948	99
6810.438604	35.610546	0.028527	1.248307	100
6811.434840	22.054180	0.028585	0.771522	101
6812.525788	33.780075	0.028578	1.182051	102
6813.528964	23.846815	0.028578	0.834451	103
6814.612646	32.027988	0.028556	1.121597	104
6815.620502	24.923843	0.028557	0.872772	105
6816.700882	30.293203	0.028544	1.061269	106
6817.712509	25.825314	0.028586	0.903409	107
6818.788406	29.887897	0.028572	1.046046	108
6819.803998	24.969576	0.028546	0.874723	109
6820.878996	25.759813	0.028598	0.900751	110
6821.894702	24.316525	0.028547	0.851817	111
6822.967218	27.766153	0.028551	0.972496	112
6823.983172	25.051716	0.028528	0.878136	113
6825.056331	28.332558	0.028498	0.994179	114
6826.071886	24.414295	0.028575	0.854385	115
6827.147331	27.511930	0.028602	0.961884	116
6828.156154	25.038273	0.028497	0.878640	117
6829.237000	29.123507	0.028568	1.019453	118
6830.244806	23.557831	0.028583	0.824178	119
6831.332600	28.275253	0.028573	0.989570	120
6832.330760	23.270336	0.028571	0.814467	121
6833.425576	28.705830	0.028559	1.005132	122
6834.417388	18.575605	0.028603	0.649426	123
6835.514801	29.385679	0.028559	1.028962	124
6836.505465	20.839930	0.028575	0.729294	125
6837.611192	31.158770	0.028587	1.089974	126
6838.594383	20.312197	0.028552	0.711418	127
6839.699195	33.150204	0.028556	1.160897	128
6840.686235	19.946545	0.028564	0.698299	129
6841.787019	31.827007	0.028592	1.113135	130
6842.775225	20.659119	0.028539	0.723881	131
6843.871842	32.119339	0.028556	1.124784	132
6844.871291	19.919884	0.028556	0.697571	133
6845.957563	31.187181	0.028523	1.093398	134
