time (s)	energy (uJ)	charge (mC)	voltage (mV)	crossing#mod 255
426925.427617	12.095868	0.008604	1.405794	59
426926.446056	15.212889	0.008590	1.771023	60
426927.492887	15.035228	0.008591	1.750063	61
426928.542310	13.724283	0.008574	1.600770	62
426929.590584	9.727671	0.008580	1.133707	63
426930.638869	9.494940	0.008600	1.104030	64
426931.687114	12.306881	0.008580	1.434329	65
426932.703075	13.300292	0.008591	1.548215	66
426933.784921	13.708577	0.008560	1.601490	67
426934.803562	13.768414	0.008591	1.602733	68
426935.881966	10.084580	0.008564	1.177553	69
426936.897956	13.497366	0.008580	1.573155	70
426937.978534	8.155118	0.008577	0.950845	71
426938.993796	13.735414	0.008575	1.601886	72
426940.045468	12.101372	0.008579	1.410601	73
426941.092245	13.791594	0.008567	1.609940	74
426942.142022	10.766022	0.008594	1.252746	75
426943.188824	12.008666	0.008606	1.395393	76
426944.239810	10.966653	0.008580	1.278093	77
426945.292195	11.250443	0.008570	1.312822	78
426946.335298	9.573073	0.008587	1.114790	79
426947.385164	10.596135	0.008584	1.234427	80
426948.432140	9.363873	0.008586	1.090632	81
426949.448121	14.033675	0.008583	1.635095	82
426950.496368	12.480630	0.008571	1.456188	83
426951.545169	12.836603	0.008591	1.494144	84
426952.596918	11.983740	0.008567	1.398759	85
426953.642054	12.433032	0.008622	1.442021	86
426954.722439	8.419705	0.008577	0.981604	87
426955.708404	14.404693	0.008586	1.677630	88
426956.762015	17.205942	0.008589	2.003303	89
426957.806615	12.612972	0.008599	1.466830	90
426958.886544	11.400334	0.008573	1.329790	91
426959.900988	11.496552	0.008587	1.338866	92
426960.948382	14.679329	0.008607	1.705542	93
426961.998833	13.653387	0.008603	1.587052	94
426963.049413	12.069873	0.008601	1.403364	95
426964.097222	12.185211	0.008588	1.418871	96
426965.143845	10.643322	0.008587	1.239398	97
426966.192419	10.417629	0.008587	1.213153	98
426967.240699	12.256623	0.008602	1.424826	99
426968.256616	12.865971	0.008600	1.496019	100
426969.338376	11.600068	0.008590	1.350444	101
426970.355089	12.006975	0.008591	1.397654	102
426971.436104	10.442589	0.008597	1.214632	103
426972.451062	12.944934	0.008592	1.506588	104
426973.499353	13.175660	0.008613	1.529694	105
426974.522319	17.429207	0.008589	2.029256	106
426975.600690	10.451963	0.008589	1.216963	107
426976.645308	11.969985	0.008595	1.392723	108
426977.694946	11.204403	0.008599	1.302937	109
426978.742422	11.183606	0.008605	1.299732	110
426979.790017	11.815547	0.008582	1.376724	111
426980.806617	14.241075	0.008580	1.659880	112
426981.891928	9.869681	0.008594	1.148498	113
426982.904314	12.089250	0.008587	1.407800	114
426983.984908	9.844077	0.008613	1.142989	115
426985.000822	11.183406	0.008603	1.299877	116
426986.084542	8.093663	0.008588	0.942397	117
426987.098191	9.575377	0.008601	1.113223	118
426988.147761	12.488761	0.008607	1.451036	119
426989.164491	13.888370	0.008572	1.620257	120
426990.250992	9.478530	0.008582	1.104429	121
426991.261283	13.195357	0.008597	1.534887	122
426992.341879	8.871428	0.008582	1.033728	123
426993.356902	12.864850	0.008608	1.494490	124
426994.406484	12.515759	0.008612	1.453216	125
426995.454625	12.483120	0.008593	1.452730	126
426996.502904	11.200482	0.008577	1.305857	127
426997.532492	13.783752	0.008590	1.604669	128
426998.599777	11.847046	0.008601	1.377352	129
426999.648609	10.676381	0.008598	1.241765	130
427000.697393	13.166126	0.008608	1.529454	131
427001.712801	13.259022	0.008615	1.538973	132
427002.796312	10.667087	0.008590	1.241872	133
427003.833712	7.857618	0.008591	0.914632	134
427004.892483	10.324975	0.008603	1.200164	135
427005.907576	9.837899	0.008596	1.144492	136
427006.988444	9.949607	0.008632	1.152652	137
427008.005989	11.697299	0.008594	1.361091	138
427009.052682	11.595552	0.008595	1.349110	139
427010.100961	10.648613	0.008601	1.238011	140
427011.149578	9.122254	0.008613	1.059135	141
427012.198956	8.503945	0.008572	0.992063	142
427013.247228	9.364777	0.008576	1.091999	143
427014.265045	10.771419	0.008591	1.253851	144
427015.344368	10.245559	0.008591	1.192566	145
427016.360342	9.832219	0.008596	1.143753	146
427017.442165	9.701323	0.008577	1.131088	147
427018.456936	9.085832	0.008616	1.054547	148
427019.538633	9.427339	0.008582	1.098481	149
427020.521056	12.672786	0.008561	1.480240	150
427021.602882	11.625561	0.008615	1.349383	151
427022.618812	10.997119	0.008598	1.278980	152
427023.702221	10.852262	0.008586	1.263897	153
427024.716576	69.489525	0.008589	8.090868	154
427025.797112	10.549057	0.008611	1.225081	155
427026.813362	10.231471	0.008590	1.191027	156
427027.897130	9.544864	0.008615	1.107959	157
427028.877946	22.026430	0.008593	2.563313	158
427029.993660	9.232347	0.008593	1.074419	159
427030.973872	12.380080	0.008583	1.442407	160
427032.056233	12.435406	0.008596	1.446732	161
427033.072199	11.416302	0.008598	1.327800	162
427034.152776	11.269601	0.008592	1.311583	163
427035.170591	10.796548	0.008599	1.255518	164
427036.249943	10.104704	0.008608	1.173812	165
427037.265250	11.958259	0.008584	1.393082	166
427038.314652	13.254794	0.008582	1.544515	167
427039.362955	11.578914	0.008621	1.343033	168
427040.411514	9.974980	0.008620	1.157228	169
427041.460800	9.863331	0.008576	1.150175	170
427042.508882	9.546833	0.008578	1.112937	171
427043.525148	12.605054	0.008595	1.466552	172
427044.605747	10.841609	0.008613	1.258805	173
427045.621674	11.869662	0.008614	1.377906	174
427046.705022	9.766898	0.008599	1.135782	175
427047.719382	9.224720	0.008594	1.073418	176
427048.798671	9.706403	0.008612	1.127098	177
427049.815958	8.443479	0.008625	0.978979	178
427050.865372	12.247982	0.008589	1.425987	179
427051.915239	8.528442	0.008601	0.991578	180
427052.961885	11.501487	0.008611	1.335608	181
427054.010172	9.327495	0.008619	1.082152	182
427055.061209	9.530622	0.008597	1.108603	183
427056.107881	8.893578	0.008600	1.034181	184
427057.156681	8.378996	0.008588	0.975714	185
427058.172679	12.266704	0.008592	1.427741	186
427059.220903	10.613725	0.008604	1.233542	187
427060.269473	9.920059	0.008580	1.156133	188
427061.317720	9.486461	0.008646	1.097266	189
427062.365982	10.497015	0.008599	1.220712	190
427063.420153	9.470847	0.008582	1.103518	191
427064.465630	9.244842	0.008601	1.074842	192
427065.512563	9.307523	0.008600	1.082331	193
427066.527332	13.275470	0.008592	1.545062	194
427067.578433	12.430109	0.008602	1.445045	195
427068.624423	12.526814	0.008593	1.457796	196
427069.675484	10.260748	0.008605	1.192358	197
427070.722652	10.741261	0.008596	1.249624	198
427071.771224	9.626453	0.008597	1.119775	199
427072.819514	10.014506	0.008600	1.164485	200
427073.868334	9.022460	0.008599	1.049275	201
427074.916567	9.469373	0.008606	1.100324	202
427075.965357	10.462858	0.008597	1.217032	203
427076.980664	12.003231	0.008617	1.392993	204
427078.053693	11.629490	0.008590	1.353772	205
427079.078333	11.421898	0.008598	1.328384	206
427080.128569	13.832563	0.008600	1.608443	207
427081.176633	8.264009	0.008591	0.961911	208
427082.224115	12.047149	0.008625	1.396747	209
427083.240823	10.515414	0.008611	1.221122	210
427084.320757	10.241833	0.008602	1.190658	211
427085.336866	8.992259	0.008587	1.047190	212
427086.417688	10.865838	0.008617	1.261045	213
427087.434968	10.858679	0.008610	1.261127	214
427088.514970	8.909883	0.008588	1.037505	215
427089.531640	11.929767	0.008592	1.388417	216
427090.582192	58.889359	0.008596	6.850997	217
427091.628476	10.480247	0.008604	1.218083	218
427092.678272	8.423413	0.008605	0.978912	219
427093.725037	8.363867	0.008612	0.971186	220
427094.740986	12.079054	0.008614	1.402318	221
427095.790516	10.669395	0.008596	1.241188	222
427096.837852	11.714370	0.008602	1.361868	223
427097.888958	9.755466	0.008604	1.133879	224
427098.935535	12.764266	0.008603	1.483774	225
427099.987273	9.736260	0.008605	1.131439	226
427101.032633	12.861854	0.008602	1.495197	227
427102.082245	9.118776	0.008610	1.059117	228
427103.129180	11.860235	0.008595	1.379869	229
427104.145387	12.738906	0.008604	1.480559	230
427105.227455	9.985842	0.008592	1.162280	231
427106.242209	11.719840	0.008589	1.364554	232
427107.323973	7.884453	0.008614	0.915267	233
427108.340236	10.209053	0.008599	1.187263	234
427109.388511	12.667537	0.008602	1.472574	235
427110.437311	9.121181	0.008602	1.060359	236
427111.485873	10.083359	0.008602	1.172212	237
427112.534119	8.001315	0.008593	0.931161	238
427113.583747	8.575646	0.008615	0.995484	239
427114.630522	8.298249	0.008625	0.962151	240
427115.680022	7.023036	0.008608	0.815903	241
427116.728275	8.253496	0.008617	0.957783	242
427117.744219	11.122396	0.008609	1.291977	243
427118.793822	11.289087	0.008611	1.310991	244
427119.841092	11.207617	0.008619	1.300283	245
427120.891768	9.940792	0.008581	1.158454	246
427121.940537	10.709812	0.008600	1.245377	247
427122.987633	8.083891	0.008586	0.941534	248
427124.035575	10.198285	0.008587	1.187710	249
427125.051855	10.618416	0.008590	1.236095	250
427126.133773	9.283975	0.008600	1.079572	251
427127.148474	8.482271	0.008627	0.983177	252
427128.230210	9.737174	0.008606	1.131417	253
427129.246164	8.562675	0.008603	0.995354	254
427130.294732	13.448900	0.008601	1.563573	255
427131.343301	8.700223	0.008611	1.010328	0
427132.391544	12.392920	0.008612	1.439052	1
427133.440332	8.757093	0.008606	1.017578	2
427134.490019	10.023458	0.008618	1.163132	3
427135.536860	7.870875	0.008598	0.915411	4
427136.586340	8.177810	0.008602	0.950654	5
427137.636141	6.260439	0.008605	0.727548	6
427138.650529	11.553360	0.008605	1.342675	7
427139.705267	9.178478	0.008572	1.070700	8
427140.747093	9.645144	0.008612	1.119980	9
427141.793906	9.257139	0.008598	1.076698	10
427142.845078	8.519661	0.008601	0.990536	11
427143.893335	7.770312	0.008602	0.903274	12
427144.941588	7.624231	0.008594	0.887196	13
427145.991154	7.389582	0.008621	0.857178	14
427147.005816	11.220115	0.008621	1.301425	15
427148.055273	10.120389	0.008582	1.179218	16
427149.102916	10.055132	0.008621	1.166399	17
427150.152384	8.905062	0.008601	1.035296	18
427151.223907	8.130234	0.008603	0.945085	19
427152.249216	8.426044	0.008609	0.978772	20
427153.298949	10.013173	0.008614	1.162379	21
427154.313770	10.986610	0.008603	1.277071	22
427155.394369	9.637034	0.008631	1.116608	23
427156.410305	9.967266	0.008617	1.156748	24
427157.492400	8.726428	0.008599	1.014855	25
427158.508886	8.221438	0.008618	0.954004	26
427159.589247	8.114079	0.008603	0.943163	27
427160.571984	11.411018	0.008604	1.326186	28
427161.686376	7.940289	0.008604	0.922868	29
427162.668856	9.570828	0.008621	1.110225	30
427163.750920	11.011259	0.008604	1.279854	31
427164.764851	10.195097	0.008592	1.186569	32
427165.847441	9.393067	0.008614	1.090438	33
427166.863392	10.695602	0.008625	1.240041	34
427167.945150	7.212930	0.008601	0.838618	35
427168.960481	10.268336	0.008625	1.190586	36
427170.009965	10.140039	0.008601	1.178892	37
427171.059948	9.424930	0.008607	1.094995	38
427172.110046	8.201201	0.008609	0.952618	39
427173.154721	8.068729	0.008632	0.934765	40
427174.204167	7.953538	0.008601	0.924705	41
427175.252757	8.130712	0.008601	0.945356	42
427176.267549	11.463671	0.008619	1.329982	43
427177.338892	8.707852	0.008605	1.011898	44
427178.365562	11.063667	0.008623	1.283100	45
427179.413825	10.126578	0.008612	1.175809	46
427180.462090	11.008243	0.008626	1.276225	47
427181.511604	9.149762	0.008618	1.061682	48
427182.559849	9.121536	0.008602	1.060337	49
427183.608070	7.329049	0.008594	0.852851	50
427184.657802	7.546296	0.008615	0.875923	51
427185.704647	6.631694	0.008625	0.768892	52
427186.720880	11.074251	0.008618	1.284971	53
427187.769183	9.868789	0.008632	1.143322	54
427188.841465	6.773887	0.008601	0.787540	55
427189.868445	8.760339	0.008594	1.019368	56
427190.916605	8.881749	0.008618	1.030622	57
427191.963720	8.617527	0.008623	0.999376	58
427193.013317	7.272968	0.008618	0.843954	59
427194.061461	7.385135	0.008602	0.858512	60
427195.077440	11.297649	0.008603	1.313201	61
427196.127324	11.595379	0.008606	1.347381	62
427197.173942	11.655541	0.008613	1.353314	63
427198.223540	9.628340	0.008620	1.117032	64
427199.294872	6.802849	0.008608	0.790330	65
427200.321522	7.215446	0.008609	0.838114	66
427201.369657	9.365679	0.008619	1.086601	67
427202.384123	10.821362	0.008592	1.259448	68
427203.465892	8.777636	0.008604	1.020128	69
427204.480667	8.272642	0.008602	0.961745	70
427205.563854	8.976260	0.008621	1.041215	71
427206.580312	7.174993	0.008590	0.835262	72
427207.659792	8.929585	0.008609	1.037264	73
427208.677372	7.423873	0.008606	0.862605	74
427209.725503	12.138313	0.008625	1.407363	75
427210.741524	10.800642	0.008609	1.254579	76
427211.820571	10.254487	0.008606	1.191530	77
427212.836811	11.187583	0.008628	1.296596	78
427213.923006	7.924824	0.008598	0.921722	79
427214.934826	10.484693	0.008595	1.219807	80
427216.015737	6.006956	0.008595	0.698849	81
427217.031810	8.881047	0.008608	1.031672	82
427218.080138	9.842078	0.008598	1.144756	83
427219.129892	7.282787	0.008612	0.845630	84
427220.180035	8.795324	0.008616	1.020795	85
427221.225518	6.544277	0.008630	0.758306	86
427222.273795	8.177076	0.008607	0.950046	87
427223.291585	9.818609	0.008616	1.139597	88
427224.371816	7.384912	0.008611	0.857660	89
427225.361910	12.326658	0.008591	1.434805	90
427226.436007	11.820503	0.008606	1.373528	91
427227.484276	7.559109	0.008618	0.877132	92
427228.533809	11.375547	0.008601	1.322628	93
427229.580798	7.346599	0.008608	0.853419	94
427230.630195	10.115304	0.008611	1.174645	95
427231.645317	9.906625	0.008605	1.151297	96
427232.727085	9.688488	0.008619	1.124058	97
427233.743055	8.590270	0.008590	0.999983	98
427234.824649	8.117736	0.008635	0.940124	99
427235.839904	7.727336	0.008631	0.895249	100
427236.923237	8.146478	0.008609	0.946272	101
427237.937604	6.720944	0.008614	0.780270	102
427239.019442	83.452179	0.008602	9.701845	103
427240.002418	9.665380	0.008611	1.122472	104
427241.084371	10.613192	0.008622	1.230873	105
427242.098883	9.471759	0.008612	1.099858	106
427243.182302	17.728121	0.008607	2.059629	107
