time (s)	coil I (A)	last det (V)	int current (uC)
426925.428046	1.392560	-252.539062	-50.390625
426925.430047	0.649431	-252.539062	-50.390625
426925.432054	0.784169	-252.539062	-50.390625
426925.434055	0.782209	8.604296	0.087521
426926.446107	0.680756	-159.570312	408.789062
426926.448109	0.783466	-159.570312	408.789062
426926.450109	0.780899	8.589887	0.107883
426927.492145	0.307919	-242.578125	-57.910156
426927.494147	0.606451	-242.578125	-57.910156
426927.496148	0.780252	-242.578125	-57.910156
426927.498147	0.781023	8.591251	0.110616
426928.542192	0.528715	-163.476562	397.460937
426928.544194	0.762391	-163.476562	397.460937
426928.546195	0.781643	-163.476562	397.460937
426928.548193	0.779414	8.573553	0.100556
426929.590269	0.455335	-247.656250	-48.046875
426929.592271	0.726560	-247.656250	-48.046875
426929.594272	0.782459	-247.656250	-48.046875
426929.596270	0.780038	8.580413	0.066877
426930.638329	0.378217	-155.957031	403.222656
426930.640332	0.670643	-155.957031	403.222656
426930.642332	0.784245	-155.957031	403.222656
426930.644330	0.781841	8.600255	0.069221
426931.686343	0.291112	-263.964844	-44.921875
426931.688343	0.590528	-263.964844	-44.921875
426931.690348	0.779102	-263.964844	-44.921875
426931.692347	0.782034	-263.964844	-44.921875
426931.694348	0.780021	8.580235	0.082898
426932.702406	0.332615	-154.003906	389.941406
426932.704406	0.629844	-154.003906	389.941406
426932.706408	0.782053	-154.003906	389.941406
426932.708409	0.780975	8.590728	0.092546
426933.784990	0.517189	-263.085937	-49.316406
426933.788991	0.781889	-263.085937	-49.316406
426933.790992	0.779681	-263.085937	-49.316406
426933.792991	0.778172	8.559888	0.098014
426934.803562	0.782084	-149.023437	413.867187
426934.805564	0.780962	8.590587	0.101187
426935.881620	0.439721	-252.441406	-51.171875
426935.883623	0.716690	-252.441406	-51.171875
426935.887619	0.780233	-252.441406	-51.171875
426935.889621	0.778547	8.564017	0.071744
426936.897724	0.485082	-152.246094	421.386719
426936.899726	0.743444	-152.246094	421.386719
426936.901726	0.782352	-152.246094	421.386719
426936.903726	0.779983	8.579809	0.097922
426937.977737	0.282072	-245.410156	-51.269531
426937.979739	0.581900	-245.410156	-51.269531
426937.981739	0.777293	-245.410156	-51.269531
426937.983739	0.781697	-245.410156	-51.269531
426937.985739	0.779701	8.576708	0.061725
426938.993828	0.327694	-157.421875	416.406250
426938.997827	0.782152	-157.421875	416.406250
426938.999830	0.781385	-157.421875	416.406250
426939.001831	0.779503	8.574528	0.094318
426940.045922	0.770527	-244.042969	-52.636719
426940.047925	0.782022	-244.042969	-52.636719
426940.049922	0.779898	8.578879	0.226527
426941.092019	0.482395	-156.347656	415.527344
426941.094022	0.742131	-156.347656	415.527344
426941.098018	0.780394	-156.347656	415.527344
426941.100021	0.778775	8.566525	0.097357
426942.142080	0.693574	-244.238281	-47.070312
426942.144084	0.783811	-244.238281	-47.070312
426942.146083	0.781267	8.593936	0.077120
426943.188134	0.327045	-156.640625	414.062500
426943.190135	0.624755	-156.640625	414.062500
426943.192137	0.783018	-156.640625	414.062500
426943.194137	0.782358	8.605936	0.084508
426944.240161	0.768239	-246.582031	-43.261719
426944.242163	0.782116	-246.582031	-43.261719
426944.244164	0.780044	8.580483	0.172966
426945.292195	0.780683	-158.789062	408.691406
426945.294196	0.779060	8.569663	0.082663
426946.335157	0.521078	-246.289062	-42.871094
426946.337159	0.760289	-246.289062	-42.871094
426946.339157	0.782812	-246.289062	-42.871094
426946.341158	0.780667	8.587334	0.068592
426947.385253	0.723387	-155.078125	417.871094
426947.387254	0.782882	-155.078125	417.871094
426947.389253	0.780350	8.583851	0.073534
426948.431792	0.443637	-245.507812	-43.164062
426948.433794	0.719389	-245.507812	-43.164062
426948.435795	0.783063	-245.507812	-43.164062
426948.437795	0.780521	8.585730	0.065081
426949.447887	0.484928	-162.109375	405.859375
426949.449888	0.743423	-162.109375	405.859375
426949.451886	0.782590	-162.109375	405.859375
426949.453888	0.780253	8.582788	0.097721
426950.495929	0.406285	-247.070312	-52.246094
426950.497931	0.693052	-247.070312	-52.246094
426950.499932	0.783426	-247.070312	-52.246094
426950.503929	0.779159	8.570752	0.089113
426951.544866	0.460709	-150.488281	429.199219
426951.546869	0.730309	-150.488281	429.199219
426951.548870	0.783359	-150.488281	429.199219
426951.550869	0.781025	8.591277	0.089342
426952.596918	0.783109	-246.777344	-54.296875
426952.600919	0.778856	8.567411	0.083820
426953.641543	0.390050	-148.730469	435.351562
426953.643547	0.680754	-148.730469	435.351562
426953.645546	0.786431	-148.730469	435.351562
426953.647545	0.783814	8.621950	0.085341
426954.722469	0.325123	-250.292969	-44.335937
426954.726471	0.782248	-250.292969	-44.335937
426954.728471	0.781656	-250.292969	-44.335937
426954.730472	0.779772	8.577497	0.059706
426955.708517	0.739745	-148.730469	425.585937
426955.710519	0.782882	-148.730469	425.585937
426955.712518	0.780576	8.586332	0.102402
426956.786562	0.278972	-261.523437	-42.968750
426956.788563	0.579148	-261.523437	-42.968750
426956.790565	0.777710	-261.523437	-42.968750
426956.792563	0.782722	-261.523437	-42.968750
426956.794565	0.780799	8.588787	0.092003
426957.806615	0.782019	-143.945312	418.164062
426957.808614	0.781708	8.598793	0.092926
426958.886632	0.704168	-265.722656	-37.304687
426958.890632	0.781025	-265.722656	-37.304687
426958.892633	0.779366	8.573030	0.078416
426959.900666	0.453133	-142.871094	421.972656
426959.902667	0.725521	-142.871094	421.972656
426959.904669	0.782989	-142.871094	421.972656
426959.906666	0.780617	8.586784	0.080455
426960.948735	1.393853	-263.476562	-40.527344
426960.950737	0.672221	-263.476562	-40.527344
426960.952737	0.784891	-263.476562	-40.527344
426960.954738	0.782440	8.606840	0.101788
426961.998820	0.603394	-160.742187	404.687500
426962.000818	0.780930	-160.742187	404.687500
426962.002819	0.782090	8.602984	0.096520
426963.049413	0.780933	-250.976562	-44.726562
426963.051421	0.781879	8.600672	0.496154
426964.097461	0.763119	-148.828125	434.863281
426964.099463	0.782828	-148.828125	434.863281
426964.101464	0.780724	8.587963	0.085756
426965.143518	0.451576	-247.265625	-50.292969
426965.145520	0.724542	-247.265625	-50.292969
426965.147519	0.783105	-247.265625	-50.292969
426965.149519	0.780681	8.587493	0.072049
426966.192092	0.450955	-136.132812	460.449219
426966.194092	0.724289	-136.132812	460.449219
426966.196092	0.783176	-136.132812	460.449219
426966.198094	0.780658	8.587236	0.073731
426967.240145	0.373022	-258.886719	-45.703125
426967.242148	0.666482	-258.886719	-45.703125
426967.244145	0.784392	-258.886719	-45.703125
426967.246147	0.782017	8.602187	0.085761
426968.256142	0.400836	-138.867187	434.863281
426968.258144	0.689114	-138.867187	434.863281
426968.260144	0.784439	-138.867187	434.863281
426968.262145	0.781831	8.600140	0.090216
426969.338201	0.507739	-268.164062	-39.843750
426969.340203	0.754894	-268.164062	-39.843750
426969.342202	0.783081	-268.164062	-39.843750
426969.344202	0.780892	8.589815	0.081475
426970.355133	0.669542	-144.335937	418.066406
426970.357133	0.783410	-144.335937	418.066406
426970.359135	0.780983	8.590808	0.085493
426971.436108	0.618789	-262.890625	-35.058594
426971.438110	0.781872	-262.890625	-35.058594
426971.440111	0.781576	8.597330	0.072588
426972.450698	0.438790	-155.468750	413.867187
426972.452700	0.716451	-155.468750	413.867187
426972.454700	0.783567	-155.468750	413.867187
426972.456701	0.781111	8.592217	0.090292
426973.498758	0.360025	-253.808594	-38.378906
426973.500759	0.655213	-253.808594	-38.378906
426973.502759	0.785138	-253.808594	-38.378906
426973.504760	0.783024	8.613265	0.095810
426974.546792	0.277592	-158.398437	413.281250
426974.548793	0.577838	-158.398437	413.281250
426974.550793	0.777366	-158.398437	413.281250
426974.552794	0.782733	-158.398437	413.281250
426974.554793	0.780815	8.588964	0.091414
426975.598829	0.750673	-245.410156	-41.894531
426975.600831	0.752788	-245.410156	-41.894531
426975.602831	0.780779	8.588566	0.074688
426976.644906	0.425263	-143.945312	447.558594
426976.646909	0.707268	-143.945312	447.558594
426976.648907	0.783860	-143.945312	447.558594
426976.650910	0.781333	8.594664	0.079567
426977.694972	0.644270	-247.949219	-46.777344
426977.696973	0.783523	-247.949219	-46.777344
426977.698973	0.781758	8.599342	0.078665
426978.741987	0.414577	-134.863281	467.968750
426978.743989	0.699745	-134.863281	467.968750
426978.745989	0.784783	-134.863281	467.968750
426978.747991	0.782231	8.604545	0.078840
426979.790053	0.337400	-252.636719	-45.800781
426979.794054	0.783295	-252.636719	-45.800781
426979.796054	0.782001	-252.636719	-45.800781
426979.798056	0.780215	8.582362	0.083980
426980.806063	0.368673	-147.656250	436.816406
426980.808066	0.662672	-147.656250	436.816406
426980.812064	0.781696	-147.656250	436.816406
426980.814066	0.779962	8.579579	0.099188
426981.890081	0.735007	-254.882812	-39.453125
426981.892083	0.738578	-254.882812	-39.453125
426981.894083	0.781232	8.593555	0.074234
426982.904132	0.505329	-140.234375	448.144531
426982.906135	0.753525	-140.234375	448.144531
426982.908134	0.782786	-140.234375	448.144531
426982.910134	0.780667	8.587334	0.086498
426983.984164	0.308464	-257.910156	-38.769531
426983.986165	0.607306	-257.910156	-38.769531
426983.988166	0.782160	-257.910156	-38.769531
426983.990166	0.782961	8.612574	0.071256
426985.000166	0.337842	-133.496094	459.570312
426985.002168	0.635144	-133.496094	459.570312
426985.004168	0.783475	-133.496094	459.570312
426985.006168	0.782131	8.603436	0.081989
426986.084745	0.760326	-259.082031	-39.160156
426986.086747	0.782829	-259.082031	-39.160156
426986.088748	0.780762	8.588380	0.055692
426987.097707	0.397494	-128.613281	469.824219
426987.099709	0.686581	-128.613281	469.824219
426987.101708	0.784451	-128.613281	469.824219
426987.103709	0.781953	8.601487	0.068669
426988.147762	0.616815	-261.328125	-44.335937
426988.149765	0.782499	-261.328125	-44.335937
426988.151765	0.782435	8.606787	0.089349
426989.164725	0.747197	-137.207031	456.933594
426989.166727	0.782987	-137.207031	456.933594
426989.170724	0.779246	8.571710	0.099465
426990.246810	0.780634	-256.835937	-44.531250
426990.248812	0.781097	-256.835937	-44.531250
426990.250813	0.780208	8.582292	0.074689
426991.261345	0.698329	-145.410156	444.531250
426991.263347	0.784119	-145.410156	444.531250
426991.265345	0.781542	8.596958	0.096150
426992.341887	0.589779	-251.269531	-42.968750
426992.343889	0.779033	-251.269531	-42.968750
426992.345886	0.782102	-251.269531	-42.968750
426992.347888	0.780179	8.581972	0.062601
426993.356427	0.400840	-143.164062	449.023437
426993.358429	0.689325	-143.164062	449.023437
426993.360429	0.785171	-143.164062	449.023437
426993.362429	0.782562	8.608187	0.092909
426994.406485	0.617278	-247.558594	-42.578125
426994.408487	0.783047	-247.558594	-42.578125
426994.410486	0.782951	8.612458	0.089575
426995.454528	0.539840	-143.847656	447.949219
426995.456531	0.767462	-143.847656	447.949219
426995.458530	0.783180	-143.847656	447.949219
426995.460531	0.781170	8.592873	0.156364
426996.502649	0.473723	-252.734375	-38.378906
426996.504651	0.737962	-252.734375	-38.378906
426996.508650	0.781163	-252.734375	-38.378906
426996.510652	0.779738	8.577115	0.077814
426997.551236	1.491304	-143.652344	445.410156
426997.553238	0.483521	-143.652344	445.410156
426997.555238	0.783165	-143.652344	445.410156
426997.557237	0.780889	8.589780	0.080579
426998.599300	0.399814	-261.718750	-34.082031
426998.601304	0.688373	-261.718750	-34.082031
426998.603303	0.784521	-261.718750	-34.082031
426998.605304	0.781938	8.601318	0.082489
426999.648321	0.466239	-142.089844	442.968750
426999.650323	0.733930	-142.089844	442.968750
426999.652322	0.783921	-142.089844	442.968750
426999.654322	0.781613	8.597747	0.075717
427000.696340	0.382870	-269.628906	-33.300781
427000.698341	0.674891	-269.628906	-33.300781
427000.700342	0.679836	-269.628906	-33.300781
427000.702342	0.782580	8.608382	0.094366
427001.712365	0.415447	-133.984375	447.949219
427001.714368	0.700610	-133.984375	447.949219
427001.716372	0.785846	-133.984375	447.949219
427001.718369	0.783227	8.615499	0.092560
427002.794409	0.517816	-269.726562	-33.984375
427002.796412	0.528801	-269.726562	-33.984375
427002.798412	0.782992	-269.726562	-33.984375
427002.800410	0.780866	8.589523	0.076137
427003.808492	0.258359	-131.054687	458.984375
427003.810501	0.559733	-131.054687	458.984375
427003.812503	0.773637	-131.054687	458.984375
427003.814503	0.782965	-131.054687	458.984375
427003.816505	0.781002	8.591021	0.076237
427004.892518	0.658236	-263.183594	-37.792969
427004.894521	0.784269	-263.183594	-37.792969
427004.896519	0.782088	8.602967	0.069614
427005.907460	0.531652	-133.789062	469.335937
427005.909464	0.764899	-133.789062	469.335937
427005.911464	0.783521	-133.789062	469.335937
427005.913466	0.781443	8.595868	0.097856
427006.988002	0.414347	-251.171875	-37.988281
427006.990004	0.700293	-251.171875	-37.988281
427006.992005	0.787400	-251.171875	-37.988281
427006.994005	0.784721	8.631929	0.069342
427008.004066	0.451331	-139.062500	464.257812
427008.006068	0.461865	-139.062500	464.257812
427008.008068	0.783714	-139.062500	464.257812
427008.010068	0.781278	8.594060	0.082049
427009.052152	0.378867	-249.609375	-37.500000
427009.054154	0.671710	-249.609375	-37.500000
427009.058153	0.782954	-249.609375	-37.500000
427009.060153	0.781360	8.594964	0.082082
427010.100205	0.299133	-142.382812	450.097656
427010.102218	0.598531	-142.382812	450.097656
427010.104223	0.782152	-142.382812	450.097656
427010.106226	0.783736	-142.382812	450.097656
427010.108224	0.781945	8.601390	0.076078
427011.148817	0.303445	-255.371094	-32.226562
427011.150826	0.602643	-255.371094	-32.226562
427011.152825	0.781722	-255.371094	-32.226562
427011.154825	0.782993	8.612928	0.064538
427012.198828	0.519343	-133.789062	467.968750
427012.200830	0.759637	-133.789062	467.968750
427012.204828	0.780769	-133.789062	467.968750
427012.206830	0.779271	8.571984	0.058867
427013.246889	0.443345	-264.941406	-30.078125
427013.248890	0.719613	-264.941406	-30.078125
427013.252888	0.781157	-264.941406	-30.078125
427013.254891	0.779619	8.575812	0.063826
427014.265417	0.770064	-136.816406	448.730469
427014.267417	0.782997	-136.816406	448.730469
427014.269416	0.780970	8.590666	0.187961
427015.344005	0.438758	-270.312500	-29.589844
427015.346007	0.716492	-270.312500	-29.589844
427015.348007	0.783462	-270.312500	-29.589844
427015.350006	0.781017	8.591189	0.071711
427016.360090	0.478783	-125.195312	470.019531
427016.362091	0.741027	-125.195312	470.019531
427016.364095	0.783843	-125.195312	470.019531
427016.366092	0.781496	8.596454	0.069174
427017.442196	0.592402	-269.335937	-29.199219
427017.444197	0.780086	-269.335937	-29.199219
427017.448198	0.781001	-269.335937	-29.199219
427017.450197	0.779726	8.576983	0.068114
427018.456258	0.331282	-124.023437	476.757812
427018.458260	0.629112	-124.023437	476.757812
427018.460260	0.784229	-124.023437	476.757812
427018.462261	0.783260	8.615862	0.064270
427019.538254	0.429716	-266.503906	-28.027344
427019.540257	0.710686	-266.503906	-28.027344
427019.544256	0.781828	-266.503906	-28.027344
427019.546256	0.780196	8.582158	0.067309
427020.520302	0.278500	-129.882812	468.554687
427020.522303	0.578858	-129.882812	468.554687
427020.526301	0.782605	-129.882812	468.554687
427020.528303	0.780737	-129.882812	468.554687
427020.532302	0.778300	8.561305	0.090334
427021.602381	0.392249	-266.015625	-33.398437
427021.604382	0.682704	-266.015625	-33.398437
427021.606383	0.785764	-266.015625	-33.398437
427021.608381	0.783224	8.615462	0.081217
427022.618409	0.425205	-129.296875	473.144531
427022.620411	0.707366	-129.296875	473.144531
427022.622412	0.784282	-129.296875	473.144531
427022.624410	0.781668	8.598351	0.080418
427023.702491	0.765055	-264.843750	-32.421875
427023.704493	0.782673	-264.843750	-32.421875
427023.706492	0.780577	8.586350	0.100783
427024.716538	0.565955	-125.195312	486.132812
427024.718536	0.774779	-125.195312	486.132812
427024.720538	0.782736	-125.195312	486.132812
427024.722540	0.780785	8.588636	0.279638
427025.796557	0.373338	-266.210937	-33.984375
427025.798559	0.666942	-266.210937	-33.984375
427025.800560	0.785149	-266.210937	-33.984375
427025.802561	0.782810	8.610908	0.074060
427026.813135	0.488058	-125.097656	486.621094
427026.815139	0.745512	-125.097656	486.621094
427026.817138	0.783226	-125.097656	486.621094
427026.819137	0.780951	8.590463	0.071954
427027.897253	0.781879	-266.210937	-32.128906
427027.899255	0.783244	-266.210937	-32.128906
427027.901255	0.783165	8.614816	0.067598
427028.877840	0.536361	-131.933594	470.507812
427028.879841	0.766248	-131.933594	470.507812
427028.881843	0.783189	-131.933594	470.507812
427028.883843	0.781178	8.592953	0.135886
427029.993890	0.762832	-268.164062	-29.492187
427029.995891	0.783278	-268.164062	-29.492187
427029.997891	0.781170	8.592873	0.065430
427030.973937	0.379023	-132.714844	463.867187
427030.977937	0.785532	-132.714844	463.867187
427030.981937	0.781480	-132.714844	463.867187
427030.983937	0.780266	8.582930	0.086953
427032.056001	0.486666	-272.167969	-30.566406
427032.058005	0.745114	-272.167969	-30.566406
427032.060005	0.783630	-272.167969	-30.566406
427032.062005	0.781410	8.595513	0.086478
427033.072062	0.523110	-129.589844	465.332031
427033.074065	0.761788	-129.589844	465.332031
427033.076071	0.783724	-129.589844	465.332031
427033.078071	0.781628	8.597907	0.080770
427034.152107	0.329602	-272.949219	-30.273437
427034.154109	0.627639	-272.949219	-30.273437
427034.156110	0.783768	-272.949219	-30.273437
427034.160108	0.781124	8.592368	0.078709
427035.170669	0.718493	-132.421875	462.011719
427035.172670	0.784222	-132.421875	462.011719
427035.174670	0.781753	8.599280	0.075417
427036.249253	0.326533	-270.117187	-26.562500
427036.251255	0.624693	-270.117187	-26.562500
427036.253256	0.783248	-270.117187	-26.562500
427036.255255	0.782587	8.608453	0.073298
427037.265298	0.363062	-142.871094	452.148437
427037.271297	0.783288	-142.871094	452.148437
427037.273299	0.781596	-142.871094	452.148437
427037.275300	0.780366	8.584028	0.081473
427038.314238	0.415871	-265.136719	-29.003906
427038.316239	0.700711	-265.136719	-29.003906
427038.318240	0.784329	-265.136719	-29.003906
427038.322238	0.780168	8.581848	0.095967
427039.362291	0.336549	-145.507812	452.441406
427039.364292	0.634087	-145.507812	452.441406
427039.366291	0.785048	-145.507812	452.441406
427039.368292	0.783769	8.621463	0.084776
427040.410847	0.335521	-257.812500	-33.105469
427040.412849	0.633143	-257.812500	-33.105469
427040.414850	0.784891	-257.812500	-33.105469
427040.416849	0.783611	8.619717	0.071437
427041.460873	0.550660	-137.011719	472.167969
427041.464872	0.783079	-137.011719	472.167969
427041.466875	0.780944	-137.011719	472.167969
427041.468874	0.779591	8.575502	0.182178
427042.508942	0.475069	-254.882812	-37.500000
427042.512944	0.783651	-254.882812	-37.500000
427042.514943	0.781335	-254.882812	-37.500000
427042.516945	0.779823	8.578055	0.065874
427043.524975	0.508848	-140.429687	467.382812
427043.526975	0.755643	-140.429687	467.382812
427043.528974	0.783475	-140.429687	467.382812
427043.530977	0.781366	8.595027	0.087340
427044.605030	0.317259	-259.179687	-37.597656
427044.607030	0.615875	-259.179687	-37.597656
427044.609029	0.783079	-259.179687	-37.597656
427044.611029	0.782965	8.612618	0.076815
427045.621049	0.349095	-131.738281	485.351562
427045.623050	0.645667	-131.738281	485.351562
427045.625049	0.784962	-131.738281	485.351562
427045.627050	0.783116	8.614275	0.083724
427046.705115	0.729246	-266.601562	-31.347656
427046.707117	0.784204	-266.601562	-31.347656
427046.709118	0.781752	8.599271	0.069901
427047.719169	0.493644	-120.507812	499.316406
427047.721169	0.748477	-120.507812	499.316406
427047.723170	0.783466	-120.507812	499.316406
427047.725172	0.781253	8.593785	0.065539
427048.799247	1.411065	-270.898437	-26.953125
427048.801249	0.603305	-270.898437	-26.953125
427048.803252	0.781743	-270.898437	-26.953125
427048.805251	0.782896	8.611856	0.066743
427049.815314	0.343588	-117.578125	495.996094
427049.817316	0.640709	-117.578125	495.996094
427049.819316	0.785724	-117.578125	495.996094
427049.821315	0.784071	8.624778	0.058601
427050.865307	0.553767	-273.925781	-27.539062
427050.867309	0.771567	-273.925781	-27.539062
427050.869309	0.782772	-273.925781	-27.539062
427050.871309	0.780829	8.589125	0.084219
427051.915345	0.738564	-127.148437	477.148437
427051.917344	0.784185	-127.148437	477.148437
427051.919345	0.781898	8.600876	0.059260
427052.961402	0.398025	-269.140625	-25.585937
427052.963406	0.687423	-269.140625	-25.585937
427052.965407	0.785472	-269.140625	-25.585937
427052.967405	0.782857	8.611422	0.081134
427054.009461	0.319872	-128.027344	489.550781
427054.011462	0.618555	-128.027344	489.550781
427054.013464	0.783797	-128.027344	489.550781
427054.015462	0.783582	8.619398	0.065490
427055.061541	0.769105	-259.667969	-23.730469
427055.063543	0.783606	-259.667969	-23.730469
427055.065544	0.781542	8.596968	0.151406
427056.107601	0.469070	-133.886719	480.761719
427056.109602	0.735743	-133.886719	480.761719
427056.111604	0.784113	-133.886719	480.761719
427056.113607	0.781785	8.599634	0.061069
427057.156576	0.527906	-256.250000	-26.562500
427057.158577	0.763917	-256.250000	-26.562500
427057.160578	0.784156	-256.250000	-26.562500
427057.164576	0.780687	8.587555	0.060587
427058.172637	0.563951	-138.671875	470.800781
427058.174639	0.774518	-138.671875	470.800781
427058.176639	0.783050	-138.671875	470.800781
427058.178641	0.781062	8.591685	0.090085
427059.220666	0.485238	-257.910156	-32.617187
427059.222667	0.744743	-257.910156	-32.617187
427059.224667	0.784468	-257.910156	-32.617187
427059.226667	0.782206	8.604270	0.077069
427060.269225	0.481964	-140.527344	464.746094
427060.271226	0.742798	-140.527344	464.746094
427060.277225	0.780141	-140.527344	464.746094
427060.279228	0.780034	8.580377	0.066029
427061.317224	0.396379	-254.003906	-32.031250
427061.319225	0.686743	-254.003906	-32.031250
427061.321225	0.788559	-254.003906	-32.031250
427061.323224	0.785958	8.645542	0.068399
427062.365271	0.316250	-134.960937	481.738281
427062.367280	0.615171	-134.960937	481.738281
427062.369285	0.783602	-134.960937	481.738281
427062.373284	0.781736	8.599094	0.073410
427063.419356	0.783584	-254.199219	-33.886719
427063.421359	0.781559	-254.199219	-33.886719
427063.423358	0.780220	8.582415	0.137197
427064.465921	0.768033	-131.835937	488.574219
427064.467921	0.783943	-131.835937	488.574219
427064.469922	0.781920	8.601115	0.130619
427065.512454	0.535098	-252.539062	-30.957031
427065.514456	0.766295	-252.539062	-30.957031
427065.516457	0.783831	-252.539062	-30.957031
427065.518458	0.781775	8.599520	0.065805
427066.526484	0.265794	-140.625000	467.578125
427066.528486	0.566988	-140.625000	467.578125
427066.530487	0.775167	-140.625000	467.578125
427066.532486	0.783015	-140.625000	467.578125
427066.534486	0.781108	8.592190	0.094869
427067.578573	0.749382	-257.714844	-36.523437
427067.580573	0.784265	-257.714844	-36.523437
427067.582575	0.781990	8.601886	0.088807
427068.623520	0.245776	-138.867187	470.019531
427068.625520	0.548414	-138.867187	470.019531
427068.627519	0.770203	-138.867187	470.019531
427068.629520	0.783226	-138.867187	470.019531
427068.631522	0.781180	8.592979	0.090176
427069.673564	0.470542	-256.250000	-32.617187
427069.675564	0.480674	-256.250000	-32.617187
427069.677564	0.784654	-256.250000	-32.617187
427069.679565	0.782311	8.605422	0.075483
427070.722517	0.524417	-137.890625	470.312500
427070.724521	0.762095	-137.890625	470.312500
427070.726519	0.783478	-137.890625	470.312500
427070.728520	0.781418	8.595593	0.075664
427071.771096	0.527371	-256.640625	-26.269531
427071.773096	0.763248	-256.640625	-26.269531
427071.775097	0.783518	-256.640625	-26.269531
427071.777096	0.781525	8.596772	0.068358
427072.819206	0.459276	-139.257812	471.289062
427072.821210	0.729972	-139.257812	471.289062
427072.823208	0.784125	-139.257812	471.289062
427072.825208	0.781813	8.599945	0.069556
427073.868177	0.515538	-261.230469	-25.097656
427073.870179	0.758712	-261.230469	-25.097656
427073.872179	0.783825	-261.230469	-25.097656
427073.874180	0.781705	8.598757	0.063176
427074.916188	0.433569	-136.132812	480.664062
427074.918188	0.713637	-136.132812	480.664062
427074.920190	0.784926	-136.132812	480.664062
427074.922188	0.782363	8.605989	0.065008
427075.965121	0.485173	-268.066406	-24.609375
427075.967124	0.744373	-268.066406	-24.609375
427075.969125	0.783816	-268.066406	-24.609375
427075.971124	0.781548	8.597030	0.074237
427076.980050	0.352609	-142.871094	458.496094
427076.982046	0.648976	-142.871094	458.496094
427076.984045	0.785261	-142.871094	458.496094
427076.986046	0.783351	8.616863	0.085909
427078.028079	0.267129	-278.320312	-27.539062
427078.030082	0.568299	-278.320312	-27.539062
427078.032081	0.775460	-278.320312	-27.539062
427078.034081	0.782891	-278.320312	-27.539062
427078.036081	0.780949	8.590436	0.106288
427079.078102	0.487201	-130.273437	479.199219
427079.080105	0.745536	-130.273437	479.199219
427079.082104	0.783907	-130.273437	479.199219
427079.084103	0.781667	8.598341	0.084336
427080.128697	0.746886	-275.976562	-25.976562
427080.130698	0.784044	-275.976562	-25.976562
427080.132697	0.781816	8.599972	0.102074
427081.176702	0.692877	-112.109375	515.722656
427081.180701	0.782546	-112.109375	515.722656
427081.182703	0.781022	8.591242	0.060705
427082.222748	0.325763	-275.488281	-25.585937
427082.224750	0.624177	-275.488281	-25.585937
427082.226750	0.630916	-275.488281	-25.585937
427082.228751	0.784104	8.625149	0.085513
427083.240835	0.381018	-124.511719	492.773437
427083.242840	0.785161	-124.511719	492.773437
427083.244843	0.782843	8.611271	0.075569
427084.320895	1.360182	-271.191406	-27.539062
427084.322897	0.739731	-271.191406	-27.539062
427084.324896	0.784313	-271.191406	-27.539062
427084.326896	0.781984	8.601824	0.072759
427085.336928	0.506967	-124.902344	504.492187
427085.340929	0.784155	-124.902344	504.492187
427085.342932	0.782040	-124.902344	504.492187
427085.344934	0.780639	8.587033	0.065922
427086.416947	0.309402	-262.695312	-30.859375
427086.418948	0.608620	-262.695312	-30.859375
427086.420948	0.782590	-262.695312	-30.859375
427086.422948	0.783321	8.616535	0.075686
427087.434994	0.643843	-131.152344	494.531250
427087.436997	0.784585	-131.152344	494.531250
427087.438997	0.782754	8.610296	0.074608
427088.515028	0.450514	-255.078125	-30.078125
427088.519027	0.784710	-255.078125	-30.078125
427088.521027	0.782209	-255.078125	-30.078125
427088.523029	0.780709	8.587794	0.065727
427089.531592	0.561353	-136.523437	479.882812
427089.533592	0.773889	-136.523437	479.882812
427089.535592	0.783094	-136.523437	479.882812
427089.537591	0.781123	8.592350	0.256085
427090.582174	1.001907	-254.492187	-28.515625
427090.584175	0.783375	-254.492187	-28.515625
427090.586176	0.781430	8.595736	0.265789
427091.628252	0.489720	-135.253906	481.933594
427091.630253	0.747134	-135.253906	481.933594
427091.632253	0.784417	-135.253906	481.933594
427091.634254	0.782172	8.603889	0.075127
427092.678336	0.701412	-257.519531	-23.730469
427092.680336	0.784841	-257.519531	-23.730469
427092.682337	0.782261	8.604873	0.060433
427093.724371	0.334850	-129.980469	496.289062
427093.726374	0.632690	-129.980469	496.289062
427093.728372	0.784088	-129.980469	496.289062
427093.730372	0.782910	8.612015	0.057558
427094.740433	0.373423	-268.359375	-25.683594
427094.742433	0.667307	-268.359375	-25.683594
427094.744434	0.785496	-268.359375	-25.683594
427094.746432	0.783058	8.613637	0.085324
427095.790538	0.596370	-140.332031	467.968750
427095.792537	0.781723	-140.332031	467.968750
427095.794537	0.783248	-140.332031	467.968750
427095.796536	0.781465	8.596116	0.075447
427096.837104	0.300385	-273.437500	-23.437500
427096.839106	0.600075	-273.437500	-23.437500
427096.841108	0.782123	-273.437500	-23.437500
427096.843111	0.783786	-273.437500	-23.437500
427096.845113	0.781972	8.601690	0.081727
427097.889162	0.761817	-127.441406	495.605469
427097.891164	0.784216	-127.441406	495.605469
427097.893166	0.782148	8.603622	0.067548
427098.935170	0.439082	-276.171875	-22.949219
427098.937173	0.717179	-276.171875	-22.949219
427098.939172	0.784507	-276.171875	-22.949219
427098.941172	0.782052	8.602569	0.087696
427099.987273	0.784541	-127.636719	489.746094
427099.989274	0.782291	8.605200	0.069539
427101.032232	0.426088	-277.246094	-22.949219
427101.034236	0.708278	-277.246094	-22.949219
427101.036235	0.784564	-277.246094	-22.949219
427101.038234	0.782011	8.602116	0.092255
427102.082266	0.639481	-115.820312	516.503906
427102.084268	0.784183	-115.820312	516.503906
427102.086269	0.782708	8.609791	0.065547
427103.128327	0.263910	-278.808594	-22.656250
427103.130329	0.565362	-278.808594	-22.656250
427103.132333	0.775025	-278.808594	-22.656250
427103.134330	0.783342	-278.808594	-22.656250
427103.136330	0.781381	8.595186	0.086353
427104.144848	0.374855	-132.519531	475.781250
427104.146850	0.668578	-132.519531	475.781250
427104.148850	0.786230	-132.519531	475.781250
427104.152849	0.782193	8.604119	0.089604
427105.227387	0.551919	-276.953125	-22.460937
427105.229388	0.771259	-276.953125	-22.460937
427105.231388	0.783079	-276.953125	-22.460937
427105.233389	0.781054	8.591597	0.072560
427106.241431	0.286618	-126.269531	491.015625
427106.243434	0.586880	-126.269531	491.015625
427106.245435	0.780112	-126.269531	491.015625
427106.249432	0.782154	-126.269531	491.015625
427106.251432	0.780797	8.588770	0.085356
427107.323482	0.395507	-273.730469	-19.531250
427107.325484	0.685539	-273.730469	-19.531250
427107.327483	0.785725	-273.730469	-19.531250
427107.329483	0.783125	8.614373	0.057115
427108.340065	0.510226	-122.460937	502.929687
427108.342068	0.756423	-122.460937	502.929687
427108.344068	0.783822	-122.460937	502.929687
427108.346069	0.781710	8.598810	0.073998
427109.388132	0.433587	-278.710937	-23.925781
427109.390134	0.713469	-278.710937	-23.925781
427109.392134	0.784567	-278.710937	-23.925781
427109.394134	0.782028	8.602311	0.091027
427110.437086	0.489517	-126.757812	497.949219
427110.439089	0.746892	-126.757812	497.949219
427110.441089	0.784236	-126.757812	497.949219
427110.443089	0.781998	8.601974	0.066901
427111.485637	0.485508	-274.511719	-22.363281
427111.487640	0.744851	-274.511719	-22.363281
427111.489640	0.784263	-274.511719	-22.363281
427111.491639	0.781999	8.601993	0.071450
427112.533665	0.404609	-127.539062	500.000000
427112.535667	0.692612	-127.539062	500.000000
427112.539666	0.782790	-127.539062	500.000000
427112.541667	0.781167	8.592837	0.057238
427113.583761	0.629383	-267.578125	-21.289062
427113.585763	0.784215	-267.578125	-21.289062
427113.587762	0.783141	8.614550	0.061269
427114.630730	1.736277	-129.199219	497.265625
427114.632730	0.682511	-129.199219	497.265625
427114.634731	0.786663	-129.199219	497.265625
427114.636730	0.784063	8.624688	0.056174
427115.679682	0.447860	-260.546875	-22.265625
427115.681685	0.723168	-260.546875	-22.265625
427115.683685	0.785041	-260.546875	-22.265625
427115.685683	0.782517	8.607682	0.054454
427116.727693	0.363503	-124.316406	513.281250
427116.729694	0.658850	-124.316406	513.281250
427116.731695	0.785701	-124.316406	513.281250
427116.733695	0.783391	8.617297	0.057014
427117.743743	0.400033	-261.425781	-27.441406
427117.745745	0.688991	-261.425781	-27.441406
427117.747745	0.785242	-261.425781	-27.441406
427117.749748	0.782620	8.608816	0.078055
427118.793831	0.623761	-137.011719	481.347656
427118.795832	0.783530	-137.011719	481.347656
427118.797832	0.782828	8.611112	0.080211
427119.840395	0.324393	-258.007812	-28.320312
427119.842397	0.623063	-258.007812	-28.320312
427119.844399	0.784211	-258.007812	-28.320312
427119.846398	0.783579	8.619370	0.078103
427120.892481	0.770805	-125.195312	513.085937
427120.894483	0.783408	-125.195312	513.085937
427120.898480	0.780099	8.581086	0.193168
427121.940552	0.482739	-265.332031	-32.128906
427121.942555	0.784093	-265.332031	-32.128906
427121.944554	0.781787	8.599653	0.081046
427122.987553	0.538158	-115.820312	536.523437
427122.989556	0.767485	-115.820312	536.523437
427122.991556	0.783913	-115.820312	536.523437
427122.995555	0.780534	8.585872	0.103697
427124.035633	0.464813	-268.750000	-27.246094
427124.039635	0.784411	-268.750000	-27.246094
427124.041634	0.782070	-268.750000	-27.246094
427124.043635	0.780592	8.586510	0.073876
427125.051672	0.499073	-124.316406	509.375000
427125.053675	0.751707	-124.316406	509.375000
427125.055674	0.784469	-124.316406	509.375000
427125.059672	0.780936	8.590294	0.076513
427126.133790	0.612074	-273.828125	-23.339844
427126.135792	0.783228	-273.828125	-23.339844
427126.139791	0.781789	8.599679	0.065011
427127.147868	0.356510	-117.089844	518.652344
427127.149869	0.652704	-117.089844	518.652344
427127.151868	0.786348	-117.089844	518.652344
427127.153869	0.784310	8.627409	0.060097
427128.229898	0.457905	-276.562500	-21.093750
427128.231903	0.729447	-276.562500	-21.093750
427128.233907	0.784844	-276.562500	-21.093750
427128.235906	0.782380	8.606175	0.068372
427129.245960	0.497332	-116.015625	516.503906
427129.247963	0.750797	-116.015625	516.503906
427129.249962	0.784262	-116.015625	516.503906
427129.251962	0.782058	8.602639	0.060176
427130.294520	0.494463	-284.375000	-23.828125
427130.296523	0.749331	-284.375000	-23.828125
427130.298522	0.784182	-284.375000	-23.828125
427130.300522	0.781945	8.601390	0.095442
427131.343086	0.493522	-113.867187	523.437500
427131.345087	0.749479	-113.867187	523.437500
427131.347087	0.785182	-113.867187	523.437500
427131.349086	0.782844	8.611289	0.061865
427132.391096	0.409937	-281.347656	-20.605469
427132.393098	0.696781	-281.347656	-20.605469
427132.395098	0.785622	-281.347656	-20.605469
427132.397100	0.782897	8.611865	0.087557
427133.440041	0.465180	-118.359375	521.289062
427133.442044	0.733810	-118.359375	521.289062
427133.444044	0.784767	-118.359375	521.289062
427133.446043	0.782347	8.605821	0.062865
427134.490065	0.674339	-277.832031	-19.433594
427134.492068	0.785906	-277.832031	-19.433594
427134.494067	0.783422	8.617643	0.074226
427135.536114	0.301135	-121.191406	517.773437
427135.538120	0.600813	-121.191406	517.773437
427135.540124	0.781988	-121.191406	517.773437
427135.542123	0.783477	-121.191406	517.773437
427135.544124	0.781654	8.598190	0.057279
427136.586220	0.530961	-270.507812	-18.847656
427136.588222	0.764985	-270.507812	-18.847656
427136.590222	0.784071	-270.507812	-18.847656
427136.592222	0.782027	8.602303	0.059766
427137.636224	0.722419	-118.359375	525.195312
427137.638227	0.784752	-118.359375	525.195312
427137.640227	0.782259	8.604846	0.047105
427138.650294	0.485794	-272.558594	-20.996094
427138.652296	0.745140	-272.558594	-20.996094
427138.654295	0.784512	-272.558594	-20.996094
427138.656297	0.782248	8.604731	0.083747
427139.704367	0.782858	-136.914062	486.230469
427139.708367	0.780108	-136.914062	486.230469
427139.710368	0.779310	8.572410	0.071165
427140.746408	0.327681	-266.699219	-20.117187
427140.748409	0.626120	-266.699219	-20.117187
427140.750409	0.783748	-266.699219	-20.117187
427140.752410	0.782899	8.611891	0.069661
427141.794427	1.736098	-131.250000	496.972656
427141.796432	0.543598	-131.250000	496.972656
427141.798434	0.769354	-131.250000	496.972656
427141.800432	0.783612	-131.250000	496.972656
427141.802433	0.781610	8.597712	0.065472
427142.844978	0.538914	-266.113281	-20.898437
427142.846979	0.767741	-266.113281	-20.898437
427142.848983	0.783963	-266.113281	-20.898437
427142.850986	0.781915	8.601062	0.118367
427143.893041	0.463742	-126.171875	509.765625
427143.895044	0.732830	-126.171875	509.765625
427143.897043	0.784461	-126.171875	509.765625
427143.899043	0.782036	8.602391	0.055807
427144.941090	0.385037	-265.332031	-20.410156
427144.943092	0.677236	-265.332031	-20.410156
427144.947091	0.783962	-265.332031	-20.410156
427144.951089	0.781239	8.593626	0.052719
427145.991141	0.603152	-120.312500	523.925781
427145.993136	0.782494	-120.312500	523.925781
427145.995137	0.783711	8.620825	0.448659
427147.005155	0.336935	-270.703125	-21.679687
427147.007156	0.634828	-270.703125	-21.679687
427147.009157	0.785159	-270.703125	-21.679687
427147.011157	0.783764	8.621409	0.080405
427148.055245	0.562830	-136.425781	484.277344
427148.057248	0.774571	-136.425781	484.277344
427148.061246	0.781534	-136.425781	484.277344
427148.063255	0.780208	8.582292	0.072605
427149.102212	0.322493	-273.730469	-20.800781
427149.104216	0.621212	-273.730469	-20.800781
427149.106215	0.784200	-273.730469	-20.800781
427149.108213	0.783697	8.620666	0.071139
427150.152304	0.547674	-128.613281	502.246094
427150.154309	0.770645	-128.613281	502.246094
427150.156313	0.783964	-128.613281	502.246094
427150.158315	0.781951	8.601460	0.159779
427151.200911	1.888500	-272.851562	-18.164062
427151.202912	0.772043	-272.851562	-18.164062
427151.204913	0.783972	-272.851562	-18.164062
427151.206914	0.782059	8.602648	0.194386
427152.248949	0.474369	-120.117187	523.046875
427152.250952	0.739237	-120.117187	523.046875
427152.252953	0.784979	-120.117187	523.046875
427152.254951	0.782617	8.608789	0.057883
427153.299004	0.687110	-278.417969	-18.750000
427153.301008	0.785783	-278.417969	-18.750000
427153.303010	0.783126	8.614382	0.070117
427154.313613	0.516008	-125.292969	504.101562
427154.315616	0.759135	-125.292969	504.101562
427154.317615	0.784158	-125.292969	504.101562
427154.319615	0.782089	8.602976	0.076830
427155.393658	0.320762	-279.785156	-18.164062
427155.395659	0.619598	-279.785156	-18.164062
427155.397659	0.784742	-279.785156	-18.164062
427155.399658	0.784603	8.630635	0.070283
427156.409709	0.359021	-121.972656	507.519531
427156.411710	0.654876	-121.972656	507.519531
427156.413712	0.785460	-121.972656	507.519531
427156.415710	0.783329	8.616624	0.071777
427157.492320	0.547661	-279.394531	-17.578125
427157.494319	0.770390	-279.394531	-17.578125
427157.496322	0.783681	-279.394531	-17.578125
427157.498321	0.781700	8.598696	0.062423
427158.508925	0.663581	-110.253906	534.472656
427158.510926	0.785755	-110.253906	534.472656
427158.512927	0.783438	8.617821	0.059745
427159.588987	0.476376	-279.394531	-17.285156
427159.590988	0.740052	-279.394531	-17.285156
427159.592988	0.784366	-279.394531	-17.285156
427159.594988	0.782095	8.603046	0.058032
427160.571524	0.401379	-125.585937	501.464844
427160.573526	0.690399	-125.585937	501.464844
427160.575526	0.786447	-125.585937	501.464844
427160.579524	0.782217	8.604384	0.082758
427161.686104	0.472070	-274.414062	-17.578125
427161.688108	0.737714	-274.414062	-17.578125
427161.690106	0.784544	-274.414062	-17.578125
427161.692107	0.782175	8.603925	0.055378
427162.668152	0.322411	-123.144531	512.207031
427162.670155	0.621147	-123.144531	512.207031
427162.672155	0.784163	-123.144531	512.207031
427162.674154	0.783693	8.620621	0.066558
427163.750741	0.507359	-273.925781	-24.218750
427163.752743	0.755491	-273.925781	-24.218750
427163.754742	0.784266	-273.925781	-24.218750
427163.756742	0.782139	8.603525	0.076761
427164.764770	0.237384	-122.167969	521.777344
427164.768772	0.768845	-122.167969	521.777344
427164.772772	0.782354	-122.167969	521.777344
427164.774774	0.781099	8.592084	0.071579
427165.846813	0.347667	-266.015625	-24.707031
427165.848814	0.644663	-266.015625	-24.707031
427165.850818	0.784926	-266.015625	-24.707031
427165.852816	0.783094	8.614036	0.068234
427166.862859	0.381829	-124.511719	516.503906
427166.864859	0.674561	-124.511719	516.503906
427166.866859	0.786538	-124.511719	516.503906
427166.868859	0.784109	8.625202	0.076028
427167.944926	0.489417	-259.179687	-23.437500
427167.946927	0.746952	-259.179687	-23.437500
427167.948928	0.784163	-259.179687	-23.437500
427167.950927	0.781907	8.600973	0.051245
427168.959904	0.366192	-125.781250	512.402344
427168.961907	0.661354	-125.781250	512.402344
427168.963907	0.786339	-125.781250	512.402344
427168.965906	0.784055	8.624609	0.073732
427170.009963	0.586317	-261.132812	-22.558594
427170.011965	0.779884	-261.132812	-22.558594
427170.013966	0.783791	-261.132812	-22.558594
427170.015968	0.781939	8.601327	0.073801
427171.059964	0.508045	-123.730469	516.796875
427171.061967	0.784682	-123.730469	516.796875
427171.063966	0.782480	8.607283	0.069608
427172.110046	0.785228	-262.988281	-21.093750
427172.112047	0.782647	8.609118	0.059306
427173.154092	0.348791	-124.121094	518.261719
427173.156094	0.645874	-124.121094	518.261719
427173.158091	0.786591	-124.121094	518.261719
427173.160092	0.784711	8.631823	0.056793
427174.204134	0.552073	-265.429687	-16.796875
427174.206136	0.776103	-265.429687	-16.796875
427174.208137	0.783930	-265.429687	-16.796875
427174.210136	0.781924	8.601159	0.055667
427175.252719	0.567198	-121.679687	528.027344
427175.254721	0.775929	-121.679687	528.027344
427175.256721	0.783800	-121.679687	528.027344
427175.258721	0.781881	8.600689	0.057250
427176.266814	0.310927	-272.656250	-17.968750
427176.268814	0.610335	-272.656250	-17.968750
427176.270815	0.783039	-272.656250	-17.968750
427176.272814	0.783583	8.619415	0.080577
427177.314872	0.230555	-134.277344	495.214844
427177.316874	0.534896	-134.277344	495.214844
427177.318875	0.766645	-134.277344	495.214844
427177.320873	0.784374	-134.277344	495.214844
427177.322874	0.782315	8.605467	0.078267
427178.365449	0.534750	-275.878906	-16.601562
427178.367451	0.767650	-275.878906	-16.601562
427178.369451	0.786026	-275.878906	-16.601562
427178.371452	0.783873	8.622606	0.104932
427179.413523	0.461695	-125.683594	515.625000
427179.415525	0.732045	-125.683594	515.625000
427179.417526	0.785389	-125.683594	515.625000
427179.419526	0.782948	8.612432	0.071985
427180.461553	0.380070	-278.515625	-17.871094
427180.463554	0.673181	-278.515625	-17.871094
427180.465557	0.786630	-278.515625	-17.871094
427180.467555	0.784148	8.625628	0.078570
427181.509657	0.306549	-122.460937	524.609375
427181.511661	0.321108	-122.460937	524.609375
427181.513662	0.782510	-122.460937	524.609375
427181.515663	0.783470	8.618175	0.068938
427182.559733	0.532132	-274.023437	-15.722656
427182.561733	0.765537	-274.023437	-15.722656
427182.563734	0.784059	-274.023437	-15.722656
427182.565736	0.782044	8.602489	0.095304
427183.607754	0.450987	-120.898437	527.734375
427183.609755	0.725222	-120.898437	527.734375
427183.611756	0.785159	-120.898437	527.734375
427183.615755	0.781236	8.593591	0.053281
427184.657844	0.669255	-270.312500	-13.964844
427184.659846	0.785592	-270.312500	-13.964844
427184.661846	0.783205	8.615250	0.054572
427185.703875	0.293843	-121.484375	527.246094
427185.705878	0.594035	-121.484375	527.246094
427185.707879	0.783151	-121.484375	527.246094
427185.709884	0.786072	-121.484375	527.246094
427185.711885	0.784091	8.624999	0.046228
427186.720423	0.407051	-275.488281	-17.480469
427186.722425	0.694781	-275.488281	-17.480469
427186.724425	0.786182	-275.488281	-17.480469
427186.726426	0.783481	8.618290	0.085868
427187.768497	0.329629	-126.660156	516.015625
427187.770499	0.628074	-126.660156	516.015625
427187.772500	0.785485	-126.660156	516.015625
427187.774499	0.784698	8.631680	0.070326
427188.816575	0.251482	-270.117187	-16.601562
427188.818578	0.553948	-270.117187	-16.601562
427188.820579	0.772478	-270.117187	-16.601562
427188.822577	0.783934	-270.117187	-16.601562
427188.824579	0.781939	8.601327	0.068210
427189.868629	0.740458	-124.804687	518.750000
427189.870632	0.785009	-124.804687	518.750000
427189.874630	0.781263	8.593892	0.062149
427190.916659	0.687007	-268.359375	-17.871094
427190.918661	0.786030	-268.359375	-17.871094
427190.920662	0.783441	8.617856	0.063018
427191.963234	0.397410	-125.000000	516.503906
427191.965236	0.687469	-125.000000	516.503906
427191.967235	0.786568	-125.000000	516.503906
427191.969237	0.783901	8.622908	0.061025
427193.013320	0.618658	-263.671875	-19.042969
427193.015319	0.783667	-263.671875	-19.042969
427193.017321	0.783430	8.617732	0.051032
427194.061365	0.540580	-119.921875	528.222656
427194.063369	0.768461	-119.921875	528.222656
427194.065367	0.784083	-119.921875	528.222656
427194.067366	0.782023	8.602249	0.115514
427195.077420	0.576305	-265.136719	-22.558594
427195.079421	0.778138	-265.136719	-22.558594
427195.081421	0.783991	-265.136719	-22.558594
427195.083420	0.782103	8.603136	0.333628
427196.127464	0.750680	-134.667969	491.113281
427196.129464	0.784576	-134.667969	491.113281
427196.131463	0.782351	8.605865	0.084243
427197.173527	0.421879	-266.601562	-25.000000
427197.175530	0.705646	-266.601562	-25.000000
427197.177528	0.785554	-266.601562	-25.000000
427197.179529	0.782963	8.612592	0.083495
427198.223559	0.637498	-121.679687	524.804687
427198.225562	0.784971	-121.679687	524.804687
427198.227561	0.783598	8.619575	0.073366
427199.269621	0.260423	-266.113281	-22.558594
427199.271625	0.562233	-266.113281	-22.558594
427199.273623	0.775251	-266.113281	-22.558594
427199.275624	0.784539	-266.113281	-22.558594
427199.277624	0.782509	8.607602	0.081455
427200.321635	0.741621	-112.207031	550.976562
427200.323638	0.784967	-112.207031	550.976562
427200.325639	0.782649	8.609144	0.053420
427201.369715	0.693429	-268.945312	-20.898437
427201.371717	0.786187	-268.945312	-20.898437
427201.373717	0.783568	8.619247	0.067342
427202.383784	0.444122	-120.898437	525.292969
427202.385785	0.720901	-120.898437	525.292969
427202.389783	0.782692	-120.898437	525.292969
427202.391787	0.781104	8.592146	0.077560
427203.465802	0.543068	-275.097656	-18.847656
427203.467803	0.769424	-275.097656	-18.847656
427203.469805	0.784258	-275.097656	-18.847656
427203.471803	0.782222	8.604447	0.063496
427204.479855	0.278102	-114.648437	537.500000
427204.481856	0.579032	-114.648437	537.500000
427204.483857	0.778530	-114.648437	537.500000
427204.485857	0.783863	-114.648437	537.500000
427204.487857	0.781973	8.601700	0.064213
427205.563905	0.680055	-279.589844	-17.578125
427205.565906	0.786386	-279.589844	-17.578125
427205.567907	0.783723	8.620949	0.062020
427206.580530	0.756187	-114.355469	534.277344
427206.584533	0.782268	-114.355469	534.277344
427206.586534	0.780919	8.590108	0.051786
427207.659452	0.447954	-283.789062	-14.648437
427207.661453	0.723320	-283.789062	-14.648437
427207.663455	0.785116	-283.789062	-14.648437
427207.665455	0.782617	8.608789	0.063054
427208.677492	0.743077	-108.593750	545.410156
427208.679494	0.784747	-108.593750	545.410156
427208.681495	0.782395	8.606344	0.053552
427209.725563	0.694738	-285.156250	-14.941406
427209.727564	0.786747	-285.156250	-14.941406
427209.729563	0.784079	8.624866	0.087076
427210.741605	0.719232	-120.019531	516.308594
427210.743606	0.785186	-120.019531	516.308594
427210.745606	0.782634	8.608975	0.078664
427211.819663	0.244545	-286.523437	-16.113281
427211.821665	0.547742	-286.523437	-16.113281
427211.823665	0.771045	-286.523437	-16.113281
427211.825664	0.784434	-286.523437	-16.113281
427211.827665	0.782377	8.606149	0.074628
427212.836216	0.360249	-119.335937	521.093750
427212.838218	0.656134	-119.335937	521.093750
427212.840219	0.786515	-119.335937	521.093750
427212.842218	0.784403	8.628428	0.079341
427213.922267	0.785470	-284.277344	-13.867187
427213.924267	0.783044	-284.277344	-13.867187
427213.926267	0.781622	8.597844	0.061188
427214.934837	0.579380	-124.902344	512.304687
427214.936839	0.779291	-124.902344	512.304687
427214.938840	0.784592	-124.902344	512.304687
427214.942838	0.781397	8.595372	0.341776
427216.015802	0.522600	-279.296875	-13.085937
427216.019803	0.784924	-279.296875	-13.085937
427216.021804	0.782753	-279.296875	-13.085937
427216.023805	0.781409	8.595496	0.043046
427217.031833	1.407616	-120.800781	524.609375
427217.033834	0.773414	-120.800781	524.609375
427217.035835	0.784660	-120.800781	524.609375
427217.037834	0.782582	8.608400	0.212731
427218.079906	0.480699	-281.542969	-14.062500
427218.081908	0.742983	-281.542969	-14.062500
427218.083907	0.785413	-281.542969	-14.062500
427218.087906	0.781594	8.597534	0.076076
427219.129948	0.691147	-115.820312	538.378906
427219.131949	0.785516	-115.820312	538.378906
427219.133949	0.782933	8.612264	0.054432
427220.180035	0.784137	-284.375000	-15.234375
427220.182036	0.783287	8.616155	0.065918
427221.225002	0.387731	-116.015625	538.867187
427221.227003	0.679666	-116.015625	538.867187
427221.229006	0.787070	-116.015625	538.867187
427221.231003	0.784557	8.630130	0.047354
427222.273065	0.309235	-282.031250	-13.769531
427222.275067	0.608784	-282.031250	-13.769531
427222.277066	0.783559	-282.031250	-13.769531
427222.281065	0.782458	8.607035	0.058378
427223.291657	0.710250	-123.144531	521.679687
427223.293659	0.785874	-123.144531	521.679687
427223.295657	0.783260	8.615862	0.071577
427224.371693	0.529723	-280.273437	-12.597656
427224.373697	0.765154	-280.273437	-12.597656
427224.375696	0.784892	-280.273437	-12.597656
427224.377699	0.782776	8.610536	0.063801
427225.385735	0.264056	-121.289062	524.121094
427225.387738	0.565777	-121.289062	524.121094
427225.391740	0.784234	-121.289062	524.121094
427225.393743	0.782242	-121.289062	524.121094
427225.395741	0.781016	8.591171	0.063481
427226.435767	0.483976	-290.820312	-17.089844
427226.437769	0.744334	-290.820312	-17.089844
427226.439768	0.784600	-290.820312	-17.089844
427226.441768	0.782359	8.605945	0.085588
427227.483821	0.407730	-114.062500	539.746094
427227.485824	0.695370	-114.062500	539.746094
427227.487823	0.786104	-114.062500	539.746094
427227.489823	0.783453	8.617980	0.057835
427228.533852	0.621618	-286.523437	-13.964844
427228.537854	0.783613	-286.523437	-13.964844
427228.539856	0.781883	8.600717	0.567813
427229.579863	0.234972	-114.941406	535.156250
427229.581866	0.539040	-114.941406	535.156250
427229.583866	0.768291	-114.941406	535.156250
427229.585866	0.784662	-114.941406	535.156250
427229.587867	0.782585	8.608436	0.053501
427230.629870	0.453229	-289.355469	-15.917969
427230.631872	0.726863	-289.355469	-15.917969
427230.633874	0.785342	-289.355469	-15.917969
427230.635873	0.782852	8.611368	0.071627
427231.644484	0.270766	-118.359375	524.023437
427231.646485	0.572203	-118.359375	524.023437
427231.648492	0.777389	-118.359375	524.023437
427231.650497	0.784146	-118.359375	524.023437
427231.652503	0.782250	8.604749	0.071670
427232.726561	0.383922	-289.160156	-15.039062
427232.728563	0.676393	-289.160156	-15.039062
427232.730562	0.786094	-289.160156	-15.039062
427232.732563	0.783564	8.619203	0.070595
427233.743116	0.496661	-113.476562	537.402344
427233.747116	0.784573	-113.476562	537.402344
427233.749118	0.782346	-113.476562	537.402344
427233.751117	0.780947	8.590418	0.061436
427234.823229	0.310820	-286.328125	-14.062500
427234.825229	0.610304	-286.328125	-14.062500
427234.827230	0.622992	-286.328125	-14.062500
427234.829232	0.784977	8.634748	0.060376
427235.839273	0.348091	-107.324219	554.589844
427235.841275	0.645289	-107.324219	554.589844
427235.843274	0.786397	-107.324219	554.589844
427235.845276	0.784681	8.631495	0.053451
427236.923326	0.727372	-282.519531	-12.207031
427236.925326	0.785091	-282.519531	-12.207031
427236.927326	0.782638	8.609020	0.056288
427237.937385	0.492117	-108.007812	558.300781
427237.939387	0.748907	-108.007812	558.300781
427237.941385	0.785419	-108.007812	558.300781
427237.943386	0.783055	8.613610	0.047592
427239.019467	0.600913	-279.687500	-13.964844
427239.021467	0.782328	-279.687500	-13.964844
427239.023468	0.783853	-279.687500	-13.964844
427239.025467	0.781971	8.601682	0.434244
427240.002420	0.587585	-120.800781	522.363281
427240.004423	0.780983	-120.800781	522.363281
427240.006421	0.784789	-120.800781	522.363281
427240.008422	0.782800	8.610802	0.379323
427241.084421	0.680769	-279.785156	-16.796875
427241.086423	0.786432	-279.785156	-16.796875
427241.088422	0.783863	8.622491	0.075227
427242.098485	0.427725	-117.285156	536.035156
427242.100488	0.709862	-117.285156	536.035156
427242.102488	0.785433	-117.285156	536.035156
427242.104490	0.782891	8.611803	0.066906
427243.182558	0.766499	-273.437500	-18.457031
427243.184558	0.784544	-273.437500	-18.457031
427243.186558	0.782494	8.607433	0.098136
