time (s)	coil I (A)	last det (V)	int current (uC)
6140.916182	0.451891	-404.980469	3.515625
6140.918184	0.725522	-404.980469	3.515625
6140.922181	0.781649	-404.980469	3.515625
6140.924184	0.780104	8.581148	0.132442
6141.880234	0.520023	-181.933594	333.593750
6141.882235	0.760154	-181.933594	333.593750
6141.884235	0.782873	-181.933594	333.593750
6141.886237	0.780746	8.588202	0.222389
6142.984263	0.738410	-409.863281	3.906250
6142.986266	0.783578	-409.863281	3.906250
6142.990263	0.779713	8.576840	0.150549
6143.986340	0.745233	-188.964844	327.832031
6143.988342	0.783118	-188.964844	327.832031
6143.990341	0.780875	8.589629	0.220468
6145.070878	0.346278	-408.007812	3.417969
6145.072881	0.643192	-408.007812	3.417969
6145.074882	0.651452	-408.007812	3.417969
6145.076884	0.783521	8.618732	0.148566
6146.080957	0.774520	-183.496094	345.312500
6146.082958	0.782305	-183.496094	345.312500
6146.084958	0.780262	8.582885	0.397760
6147.159006	0.527326	-403.027344	0.976562
6147.163005	0.783106	-403.027344	0.976562
6147.165007	0.781097	-403.027344	0.976562
6147.167009	0.779623	8.575848	0.166067
6148.171134	0.361362	-187.792969	333.789062
6148.173134	0.656703	-187.792969	333.789062
6148.175135	0.784211	-187.792969	333.789062
6148.177134	0.781986	8.601851	0.211261
6149.247169	0.559870	-404.980469	1.757812
6149.249172	0.773081	-404.980469	1.757812
6149.253170	0.780567	-404.980469	1.757812
6149.255170	0.779204	8.571249	0.331021
6150.257212	0.465761	-191.503906	323.730469
6150.259214	0.733378	-191.503906	323.730469
6150.261214	0.783036	-191.503906	323.730469
6150.263215	0.780665	8.587317	0.215932
6151.353186	0.277119	-395.410156	2.050781
6151.355190	0.577583	-395.410156	2.050781
6151.357189	0.776977	-395.410156	2.050781
6151.359188	0.782343	-395.410156	2.050781
6151.361189	0.780307	8.583382	0.143237
6152.343244	0.410421	-175.000000	370.312500
6152.345247	0.696935	-175.000000	370.312500
6152.347245	0.784643	-175.000000	370.312500
6152.349246	0.782019	8.602214	0.218384
6153.449749	0.344328	-400.292969	2.734375
6153.451752	0.641471	-400.292969	2.734375
6153.453750	0.784463	-400.292969	2.734375
6153.455750	0.782846	8.611306	0.145440
6154.419813	0.740713	-178.027344	338.281250
6154.421813	0.783014	-178.027344	338.281250
6154.423813	0.780643	8.587077	0.213135
6155.560727	0.571756	-384.179687	-2.148437
6155.562730	0.775930	-384.179687	-2.148437
6155.564729	0.782470	-384.179687	-2.148437
6155.566728	0.780463	8.585092	0.386450
6156.504782	0.411427	-169.628906	335.742187
6156.506791	0.697420	-169.628906	335.742187
6156.508794	0.783921	-169.628906	335.742187
6156.510795	0.781257	8.593830	0.198626
6157.640880	0.698976	-375.292969	-9.960937
6157.642882	0.785469	-375.292969	-9.960937
6157.644884	0.782779	8.610571	0.179059
6158.621451	0.418158	-171.289062	323.925781
6158.623452	0.702376	-171.289062	323.925781
6158.625454	0.783601	-171.289062	323.925781
6158.627454	0.781024	8.591260	0.179161
6159.698026	0.394700	-375.097656	-9.960937
6159.702026	0.784001	-375.097656	-9.960937
6159.704027	0.781457	-375.097656	-9.960937
6159.706027	0.779839	8.578232	0.205395
6160.726054	0.384727	-181.347656	342.773437
6160.728056	0.676565	-181.347656	342.773437
6160.730056	0.784782	-181.347656	342.773437
6160.732055	0.782233	8.604563	0.202388
6161.790133	0.328855	-399.121094	0.976562
6161.792135	0.626950	-399.121094	0.976562
6161.794142	0.783938	-399.121094	0.976562
6161.798143	0.781312	8.594433	0.162353
6162.796159	0.319866	-180.957031	352.148437
6162.798160	0.618441	-180.957031	352.148437
6162.800164	0.783449	-180.957031	352.148437
6162.802165	0.783142	8.614559	0.227215
6163.920149	0.495228	-378.125000	-2.441406
6163.922151	0.749385	-378.125000	-2.441406
6163.924151	0.783468	-378.125000	-2.441406
6163.926151	0.781283	8.594114	0.147653
6164.872184	0.783497	-176.171875	323.242187
6164.876186	0.779551	8.575059	0.209211
6165.992192	0.340315	-366.894531	-13.183594
6165.994191	0.637597	-366.894531	-13.183594
6165.996192	0.783619	-366.894531	-13.183594
6165.998192	0.782140	8.603542	0.197610
6167.000256	0.484242	-166.992187	364.843750
6167.002258	0.744004	-166.992187	364.843750
6167.004258	0.783813	-166.992187	364.843750
6167.006258	0.781495	8.596444	0.174976
6168.054353	0.313264	-379.101562	-4.882812
6168.056355	0.612100	-379.101562	-4.882812
6168.058354	0.781801	-379.101562	-4.882812
6168.060355	0.781965	8.601611	0.204732
6169.086364	0.363421	-173.339844	389.257812
6169.088366	0.658493	-173.339844	389.257812
6169.090366	0.663323	-173.339844	389.257812
6169.092366	0.782125	8.603374	0.215687
6170.186829	0.543821	-384.765625	1.171875
6170.190830	0.783193	-384.765625	1.171875
6170.192833	0.780990	-384.765625	1.171875
6170.194832	0.779606	8.575663	0.213743
6171.145746	0.382052	-173.535156	357.617187
6171.147747	0.674448	-173.535156	357.617187
6171.149748	0.784851	-173.535156	357.617187
6171.151748	0.782405	8.606450	0.225316
6172.281741	0.282935	-360.253906	-8.984375
6172.283743	0.583138	-360.253906	-8.984375
6172.285742	0.778503	-360.253906	-8.984375
6172.287745	0.782817	-360.253906	-8.984375
6172.289747	0.780880	8.589683	0.176590
6173.255817	0.552167	-166.210937	347.851562
6173.257819	0.771225	-166.210937	347.851562
6173.259821	0.782836	-166.210937	347.851562
6173.261822	0.780882	8.589700	0.167602
6174.340325	0.704304	-367.578125	-12.207031
6174.342327	0.784126	-367.578125	-12.207031
6174.344327	0.781542	8.596958	0.201579
6175.372886	0.770585	-176.269531	358.886719
6175.374886	0.782658	-176.269531	358.886719
6175.376886	0.780614	8.586749	0.296908
6176.419778	0.447131	-383.789062	-1.171875
6176.421779	0.722309	-383.789062	-1.171875
6176.423780	0.783875	-383.789062	-1.171875
6176.425777	0.781410	8.595513	0.193972
6177.443825	0.528467	-179.589844	371.093750
6177.445825	0.763703	-179.589844	371.093750
6177.449828	0.781331	-179.589844	371.093750
6177.451827	0.779871	8.578578	0.216873
6178.551879	0.618015	-372.363281	-0.878906
6178.553880	0.782454	-372.363281	-0.878906
6178.555880	0.782189	8.604074	0.129511
6179.513906	0.462878	-164.160156	392.578125
6179.517906	0.783063	-164.160156	392.578125
6179.519908	0.780625	-164.160156	392.578125
6179.521908	0.778988	8.568865	0.218900
6180.645987	0.544824	-364.257812	-6.835937
6180.647988	0.768963	-364.257812	-6.835937
6180.649989	0.782841	-364.257812	-6.835937
6180.651988	0.780825	8.589080	0.259442
6181.602045	0.340209	-166.699219	360.449219
6181.604047	0.637519	-166.699219	360.449219
6181.606053	0.784191	-166.699219	360.449219
6181.608053	0.782661	8.609268	0.179209
6182.722070	0.534693	-357.226562	-13.476562
6182.724073	0.765501	-357.226562	-13.476562
6182.726072	0.782813	-357.226562	-13.476562
6182.728071	0.780700	8.587697	0.244490
6183.714099	0.426181	-161.328125	386.230469
6183.716103	0.708247	-161.328125	386.230469
6183.718109	0.784014	-161.328125	386.230469
6183.720109	0.781447	8.595912	0.174704
6184.800210	0.594513	-362.890625	-14.550781
6184.802214	0.780745	-362.890625	-14.550781
6184.804212	0.782269	-362.890625	-14.550781
6184.806213	0.780397	8.584365	0.541896
6185.816197	0.322646	-170.800781	362.890625
6185.818200	0.621141	-170.800781	362.890625
6185.820199	0.784054	-170.800781	362.890625
6185.822202	0.783537	8.618911	0.198638
6186.881134	0.636280	-350.097656	-13.281250
6186.883138	0.782318	8.605493	0.207898
6187.905176	0.478133	-174.902344	358.789062
6187.907177	0.740906	-174.902344	358.789062
6187.909177	0.784110	-174.902344	358.789062
6187.911179	0.781833	8.600158	0.192972
6188.965199	0.352385	-361.816406	-10.839844
6188.969199	0.785250	-361.816406	-10.839844
6188.971200	0.783264	-361.816406	-10.839844
6188.973200	0.781627	8.597898	0.190999
6189.999755	0.783117	-177.636719	357.910156
6190.003755	0.779716	-177.636719	357.910156
6190.005757	0.778649	8.565134	0.384067
6191.059817	0.509878	-362.792969	-11.035156
6191.061821	0.756201	-362.792969	-11.035156
6191.063820	0.783399	-362.792969	-11.035156
6191.065822	0.781206	8.593271	0.203114
6192.088327	0.784268	-167.089844	387.207031
6192.090330	0.782280	-167.089844	387.207031
6192.092329	0.780547	8.586014	0.210998
6193.150326	0.510764	-359.570312	-12.304687
6193.152327	0.756305	-359.570312	-12.304687
6193.154329	0.782983	-359.570312	-12.304687
6193.156328	0.780873	8.589602	0.185807
6194.169271	0.290480	-172.558594	361.328125
6194.171274	0.590330	-172.558594	361.328125
6194.173272	0.779313	-172.558594	361.328125
6194.175274	0.782314	-172.558594	361.328125
6194.177274	0.780436	8.584790	0.203686
6195.251846	0.242780	-351.269531	-13.378906
6195.253848	0.545474	-351.269531	-13.378906
6195.255848	0.769291	-351.269531	-13.378906
6195.257849	0.782974	-351.269531	-13.378906
6195.259850	0.780975	8.590719	0.173436
6196.263837	0.783872	-157.128906	403.027344
6196.265839	0.781488	-157.128906	403.027344
6196.267839	0.779878	8.578657	0.196735
6197.351898	0.527811	-347.949219	-15.136719
6197.353901	0.763790	-347.949219	-15.136719
6197.355901	0.783985	-347.949219	-15.136719
6197.357900	0.781882	8.600707	0.156216
6198.344837	0.322976	-154.492187	411.621094
6198.346841	0.621445	-154.492187	411.621094
6198.348839	0.782645	-154.492187	411.621094
6198.350839	0.782080	8.602879	0.183499
6199.450907	0.572461	-348.437500	-10.058594
6199.452908	0.581047	-348.437500	-10.058594
6199.454909	0.783020	-348.437500	-10.058594
6199.456908	0.781045	8.591499	0.164160
6200.424918	0.448764	-147.167969	441.210937
6200.428918	0.783528	-147.167969	441.210937
6200.430919	0.781028	-147.167969	441.210937
6200.432919	0.779457	8.574031	0.194681
6201.540999	0.511141	-368.652344	-4.003906
6201.543001	0.756463	-368.652344	-4.003906
6201.545002	0.782997	-368.652344	-4.003906
6201.547000	0.780887	8.589753	0.178651
6202.523587	0.291080	-158.300781	421.777344
6202.525588	0.590901	-158.300781	421.777344
6202.527599	0.780912	-158.300781	421.777344
6202.529600	0.783767	-158.300781	421.777344
6202.531604	0.781995	8.601948	0.163868
6203.622187	0.649676	-368.750000	-1.367187
6203.624188	0.783893	-368.750000	-1.367187
6203.626189	0.781974	8.601717	0.181208
6204.630750	0.334199	-167.773437	410.253906
6204.632751	0.631927	-167.773437	410.253906
6204.634752	0.783648	-167.773437	410.253906
6204.636751	0.782463	8.607097	0.191652
6205.698828	0.570412	-358.105469	-6.347656
6205.700830	0.775823	-358.105469	-6.347656
6205.702832	0.782622	-358.105469	-6.347656
6205.704832	0.780679	8.587467	0.180398
6206.729820	0.739044	-160.253906	411.230469
6206.731824	0.782923	-160.253906	411.230469
6206.733823	0.780604	8.586643	0.170786
6207.793913	0.338783	-331.347656	-16.015625
6207.795916	0.636283	-331.347656	-16.015625
6207.797914	0.784471	-331.347656	-16.015625
6207.799915	0.783084	8.613921	0.154075
6208.799940	0.558945	-153.515625	417.382812
6208.801943	0.773244	-153.515625	417.382812
6208.803943	0.783037	-153.515625	417.382812
6208.807941	0.779644	8.576087	0.174760
6209.904024	0.362759	-347.167969	-9.863281
6209.906024	0.658037	-347.167969	-9.863281
6209.908025	0.785446	-347.167969	-9.863281
6209.910025	0.783235	8.615587	0.163316
6210.880564	0.538195	-149.511719	434.960937
6210.882561	0.766577	-149.511719	434.960937
6210.884560	0.782485	-149.511719	434.960937
6210.886559	0.780382	8.584196	0.168572
6211.991146	0.393637	-366.015625	-1.953125
6211.993148	0.684073	-366.015625	-1.953125
6211.995149	0.785443	-366.015625	-1.953125
6211.997148	0.782876	8.611634	0.177679
6212.983164	0.358912	-156.152344	436.230469
6212.985164	0.654445	-156.152344	436.230469
6212.987166	0.783562	-156.152344	436.230469
6212.991165	0.779714	8.576850	0.178960
6214.065193	0.384891	-352.441406	-3.613281
6214.067192	0.676908	-352.441406	-3.613281
6214.069193	0.785203	-352.441406	-3.613281
6214.071192	0.782658	8.609241	0.174747
6215.091219	0.533877	-156.738281	432.812500
6215.093220	0.765235	-156.738281	432.812500
6215.095221	0.782658	-156.738281	432.812500
6215.097220	0.780580	8.586376	0.184545
6216.151257	0.638614	-335.644531	-11.523437
6216.153259	0.783754	-335.644531	-11.523437
6216.155260	0.782135	8.603490	0.162552
6217.175320	0.572899	-156.054687	415.039062
6217.177323	0.776381	-156.054687	415.039062
6217.179323	0.782662	-156.054687	415.039062
6217.181323	0.780755	8.588301	0.156542
6218.257845	0.783972	-327.832031	-17.382812
6218.259847	0.781492	8.596409	0.161751
6219.243873	0.582664	-154.296875	414.355469
6219.245874	0.778081	-154.296875	414.355469
6219.247877	0.782406	-154.296875	414.355469
6219.249875	0.780400	8.584400	0.438741
6220.361916	0.408103	-335.351562	-10.937500
6220.363918	0.695031	-335.351562	-10.937500
6220.365918	0.784181	-335.351562	-10.937500
6220.369918	0.779888	8.578773	0.173809
6221.329999	0.312442	-144.238281	454.199219
6221.332001	0.611351	-144.238281	454.199219
6221.333998	0.783127	-144.238281	454.199219
6221.335999	0.783550	8.619052	0.156599
6222.452051	0.273753	-345.117187	-6.835937
6222.454055	0.574374	-345.117187	-6.835937
6222.456055	0.777202	-345.117187	-6.835937
6222.458055	0.783258	-345.117187	-6.835937
6222.460055	0.781364	8.594999	0.154858
6223.420081	0.482497	-146.093750	450.683594
6223.422081	0.743922	-146.093750	450.683594
6223.426078	0.783115	-146.093750	450.683594
6223.428081	0.781706	8.598766	0.174851
6224.536130	0.466153	-354.101562	-4.687500
6224.538131	0.733883	-354.101562	-4.687500
6224.540132	0.783512	-354.101562	-4.687500
6224.542133	0.781124	8.592359	0.146073
6225.518665	0.540763	-153.125000	444.531250
6225.520665	0.767766	-153.125000	444.531250
6225.522665	0.782895	-153.125000	444.531250
6225.524666	0.780841	8.589249	0.245963
6226.622715	0.643900	-350.781250	-4.589844
6226.624716	0.783882	-350.781250	-4.589844
6226.626717	0.782160	8.603765	0.148140
6227.617241	0.526685	-154.003906	445.214844
6227.619243	0.763016	-154.003906	445.214844
6227.621244	0.783278	-154.003906	445.214844
6227.623243	0.781239	8.593626	0.167707
6228.705305	0.734667	-337.207031	-6.542969
6228.707305	0.783871	-337.207031	-6.542969
6228.709305	0.781536	8.596896	0.161393
6229.711329	0.526486	-157.617187	436.425781
6229.713333	0.762584	-157.617187	436.425781
6229.715331	0.782816	-157.617187	436.425781
6229.717331	0.780719	8.587910	0.167302
6230.795937	0.783391	-342.089844	-7.324219
6230.797941	0.781234	8.593573	0.155486
6231.800468	0.400173	-150.683594	452.441406
6231.802471	0.689208	-150.683594	452.441406
6231.804470	0.785303	-150.683594	452.441406
6231.806471	0.782753	8.610278	0.169477
6232.884555	0.504880	-341.601562	-7.324219
6232.886557	0.753836	-341.601562	-7.324219
6232.888558	0.783154	-341.601562	-7.324219
6232.890558	0.780984	8.590826	0.150435
6233.892556	0.411218	-154.101562	444.824219
6233.894558	0.697502	-154.101562	444.824219
6233.896559	0.784487	-154.101562	444.824219
6233.898558	0.781880	8.600680	0.158197
6234.972616	0.371528	-340.722656	-5.859375
6234.974619	0.665722	-340.722656	-5.859375
6234.976619	0.785713	-340.722656	-5.859375
6234.978619	0.783235	8.615587	0.162141
6235.980635	0.581433	-146.679687	461.816406
6235.984636	0.778705	-146.679687	461.816406
6235.986637	0.780400	-146.679687	461.816406
6235.988638	0.779052	8.569574	0.170419
6237.068634	0.582680	-334.667969	-5.273437
6237.070635	0.778320	-334.667969	-5.273437
6237.072635	0.782649	-334.667969	-5.273437
6237.074636	0.780740	8.588140	0.147562
6238.064716	0.466917	-143.945312	464.746094
6238.066718	0.734360	-143.945312	464.746094
6238.068719	0.783435	-143.945312	464.746094
6238.070720	0.781107	8.592182	0.168911
6239.162768	0.441564	-349.902344	-4.980469
6239.164771	0.718938	-349.902344	-4.980469
6239.166773	0.784457	-349.902344	-4.980469
6239.170775	0.780414	8.584551	0.149033
6240.146850	0.518251	-139.160156	472.070312
6240.148850	0.759296	-139.160156	472.070312
6240.150850	0.782788	-139.160156	472.070312
6240.152850	0.780615	8.586766	0.163485
6241.264924	0.343884	-339.648437	-5.859375
6241.266926	0.641150	-339.648437	-5.859375
6241.268927	0.784784	-339.648437	-5.859375
6241.270925	0.783099	8.614089	0.149356
6242.228948	0.487038	-138.574219	466.308594
6242.230951	0.745478	-138.574219	466.308594
6242.232949	0.783631	-138.574219	466.308594
6242.234949	0.783527	8.618795	0.155522
6243.361003	0.414307	-340.332031	-9.375000
6243.363005	0.699746	-340.332031	-9.375000
6243.365005	0.784065	-340.332031	-9.375000
6243.367005	0.781460	8.596064	0.150387
6244.313019	0.288495	-139.843750	464.746094
6244.315023	0.588584	-139.843750	464.746094
6244.317021	0.780088	-139.843750	464.746094
6244.319021	0.783375	-139.843750	464.746094
6244.321020	0.781475	8.596223	0.162819
6245.445074	0.448411	-329.980469	-15.625000
6245.447076	0.723257	-329.980469	-15.625000
6245.449076	0.783923	-329.980469	-15.625000
6245.451076	0.783789	8.621675	0.166138
6246.417081	0.406312	-139.062500	469.140625
6246.419082	0.693870	-139.062500	469.140625
6246.421082	0.784688	-139.062500	469.140625
6246.423082	0.782027	8.602303	0.143145
6247.521098	0.502469	-319.628906	-19.531250
6247.523108	0.752699	-319.628906	-19.531250
6247.525108	0.783035	-319.628906	-19.531250
6247.527109	0.780838	8.589221	0.172191
6248.527646	0.782973	-148.535156	444.335937
6248.529650	0.780834	8.589177	0.148682
6249.596213	0.268034	-324.609375	-14.062500
6249.598215	0.568991	-324.609375	-14.062500
6249.600215	0.775670	-324.609375	-14.062500
6249.602217	0.782898	-324.609375	-14.062500
6249.604214	0.780893	8.589824	0.181096
6250.616259	0.446643	-149.707031	454.980469
6250.618258	0.722193	-149.707031	454.980469
6250.620258	0.783984	-149.707031	454.980469
6250.622258	0.781469	8.596161	0.151840
6251.696314	0.327046	-330.664062	-7.421875
6251.698314	0.625399	-330.664062	-7.421875
6251.700316	0.783831	-330.664062	-7.421875
6251.702315	0.783001	8.613008	0.142188
6252.692357	0.280469	-138.476562	476.464844
6252.694359	0.580773	-138.476562	476.464844
6252.696359	0.779016	-138.476562	476.464844
6252.698359	0.783934	-138.476562	476.464844
6252.700359	0.782026	8.602284	0.158273
6253.802423	0.444756	-342.968750	-6.542969
6253.804427	0.720752	-342.968750	-6.542969
6253.806426	0.783537	-342.968750	-6.542969
6253.808425	0.781071	8.591784	0.148465
6254.768432	0.500879	-141.992187	460.449219
6254.770435	0.752002	-141.992187	460.449219
6254.772434	0.783157	-141.992187	460.449219
6254.774435	0.780912	8.590037	0.150911
6255.900437	0.421175	-335.058594	-9.765625
6255.902440	0.704719	-335.058594	-9.765625
6255.904439	0.784096	-335.058594	-9.765625
6255.906440	0.781492	8.596409	0.161283
6256.860502	0.506783	-138.085937	471.093750
6256.862504	0.754641	-138.085937	471.093750
6256.864504	0.783223	-138.085937	471.093750
6256.866503	0.781059	8.591650	0.144800
6257.983003	0.460238	-312.500000	-17.675781
6257.985006	0.730694	-312.500000	-17.675781
6257.987007	0.784146	-312.500000	-17.675781
6257.989015	0.781789	8.599679	0.154994
6258.959030	0.405666	-143.945312	457.519531
6258.961031	0.693274	-143.945312	457.519531
6258.963032	0.784764	-143.945312	457.519531
6258.965032	0.782017	8.602187	0.153224
6260.057568	0.296032	-316.699219	-19.433594
6260.059591	0.595709	-316.699219	-19.433594
6260.061596	0.780695	-316.699219	-19.433594
6260.065594	0.780484	-316.699219	-19.433594
6260.067604	0.780387	8.584259	0.168740
6261.063630	0.597772	-147.753906	450.781250
6261.065629	0.780827	-147.753906	450.781250
6261.067629	0.782463	-147.753906	450.781250
6261.069628	0.780573	8.586306	0.498048
6262.140585	0.248177	-317.382812	-15.332031
6262.144584	0.770840	-317.382812	-15.332031
6262.146586	0.782927	-317.382812	-15.332031
6262.148586	0.780884	8.589727	0.159745
6263.155098	0.442657	-146.289062	462.500000
6263.157101	0.720031	-146.289062	462.500000
6263.159101	0.785153	-146.289062	462.500000
6263.161100	0.782630	8.608932	0.146970
6264.229114	0.259295	-321.875000	-9.765625
6264.231115	0.560607	-321.875000	-9.765625
6264.233115	0.773404	-321.875000	-9.765625
6264.235115	0.782658	-321.875000	-9.765625
6264.237116	0.780618	8.586794	0.159479
6265.241173	0.392242	-142.187500	473.535156
6265.243174	0.683610	-142.187500	473.535156
6265.245174	0.788648	-142.187500	473.535156
6265.247175	0.786072	8.646791	0.149792
6266.329217	0.322718	-332.226562	-7.421875
6266.331218	0.621215	-332.226562	-7.421875
6266.333219	0.783961	-332.226562	-7.421875
6266.335219	0.783452	8.617971	0.151027
6267.329216	0.701920	-142.773437	469.433594
6267.331217	0.784170	-142.773437	469.433594
6267.333216	0.781564	8.597206	0.140257
6268.423804	0.475488	-328.222656	-6.542969
6268.425805	0.739439	-328.222656	-6.542969
6268.427805	0.783853	-328.222656	-6.542969
6268.429805	0.781534	8.596879	0.151491
6269.411852	0.303691	-133.203125	486.328125
6269.413860	0.603125	-133.203125	486.328125
6269.415865	0.782662	-133.203125	486.328125
6269.417865	0.783826	8.622084	0.149635
6270.517911	0.479447	-325.781250	-7.128906
6270.519912	0.741387	-325.781250	-7.128906
6270.523910	0.781259	-325.781250	-7.128906
6270.525915	0.779757	8.577329	0.147104
6271.497946	0.414174	-135.644531	479.785156
6271.499949	0.425085	-135.644531	479.785156
6271.501949	0.784590	-135.644531	479.785156
6271.503950	0.781980	8.601780	0.149135
6272.608008	0.569970	-328.417969	-6.640625
6272.610012	0.775979	-328.417969	-6.640625
6272.612009	0.783012	-328.417969	-6.640625
6272.614008	0.781057	8.591632	0.360395
6273.592046	0.704517	-137.988281	471.777344
6273.594048	0.784295	-137.988281	471.777344
6273.596048	0.781701	8.598713	0.150782
6274.696615	0.362469	-325.976562	-6.933594
6274.698617	0.657789	-325.976562	-6.933594
6274.702614	0.783204	-325.976562	-6.933594
6274.704617	0.781543	8.596975	0.149418
6275.678665	0.447131	-132.031250	487.011719
6275.680668	0.722374	-132.031250	487.011719
6275.682666	0.783661	-132.031250	487.011719
6275.684668	0.781240	8.593644	0.145228
6276.786681	2.001714	-318.554687	-7.421875
6276.788683	0.726294	-318.554687	-7.421875
6276.790684	0.783884	-318.554687	-7.421875
6276.792683	0.781499	8.596489	0.142419
6277.776730	0.757593	-142.968750	466.113281
6277.778732	0.783396	-142.968750	466.113281
6277.780733	0.781242	8.593661	0.143818
6278.872799	0.639073	-325.390625	-8.007812
6278.876804	0.782347	-325.390625	-8.007812
6278.878805	0.780622	8.586846	0.145002
6279.873344	0.652405	-142.773437	470.117187
6279.875345	0.784038	-142.773437	470.117187
6279.877346	0.782074	8.602817	0.144051
6280.957969	0.679102	-310.546875	-10.839844
6280.959971	0.784573	-310.546875	-10.839844
6280.961971	0.782046	8.602507	0.146055
6281.962013	0.459465	-141.113281	473.437500
6281.964016	0.730177	-141.113281	473.437500
6281.966015	0.783982	-141.113281	473.437500
6281.968016	0.781598	8.597579	0.141818
6283.046021	0.551255	-312.011719	-14.843750
6283.048022	0.771259	-312.011719	-14.843750
6283.050023	0.783195	-312.011719	-14.843750
6283.052023	0.781202	8.593218	0.279309
6284.052927	0.444896	-136.523437	481.152344
6284.054929	0.720941	-136.523437	481.152344
6284.056929	0.783736	-136.523437	481.152344
6284.058930	0.781231	8.593537	0.143043
6285.137001	0.394410	-294.921875	-20.019531
6285.139003	0.685154	-294.921875	-20.019531
6285.143003	0.785391	-294.921875	-20.019531
6285.145006	0.783748	8.621232	0.156001
6286.135086	0.347041	-132.128906	489.453125
6286.137086	0.643846	-132.128906	489.453125
6286.139087	0.784411	-132.128906	489.453125
6286.141086	0.782674	8.609410	0.133269
6287.239143	0.452830	-305.859375	-21.386719
6287.241144	0.725860	-305.859375	-21.386719
6287.243143	0.783757	-305.859375	-21.386719
6287.245145	0.781310	8.594415	0.152531
6288.212079	0.624120	-130.566406	494.726562
6288.214081	0.782960	-130.566406	494.726562
6288.216082	0.782208	8.604288	0.140581
6289.338098	0.416427	-315.917969	-15.527344
6289.340100	0.701324	-315.917969	-15.527344
6289.342099	0.705622	-315.917969	-15.527344
6289.344101	0.781591	8.597499	0.149624
6290.298130	0.647680	-129.785156	492.187500
6290.300132	0.784475	-129.785156	492.187500
6290.302132	0.782497	8.607469	0.136415
6291.426755	0.292218	-314.746094	-10.742187
6291.428758	0.592178	-314.746094	-10.742187
6291.430763	0.781136	-314.746094	-10.742187
6291.432763	0.783833	-314.746094	-10.742187
6291.436761	0.780708	8.587786	0.154720
6292.390758	0.275908	-126.171875	494.042969
6292.392759	0.576512	-126.171875	494.042969
6292.394762	0.777653	-126.171875	494.042969
6292.396760	0.783383	-126.171875	494.042969
6292.398760	0.781414	8.595558	0.137178
6293.508769	0.403874	-322.851562	-9.179687
6293.510772	0.691966	-322.851562	-9.179687
6293.512771	0.784781	-322.851562	-9.179687
6293.514772	0.782211	8.604323	0.148892
6294.490817	0.409136	-132.519531	484.375000
6294.492819	0.436165	-132.519531	484.375000
6294.494818	0.784407	-132.519531	484.375000
6294.496819	0.781772	8.599493	0.135464
6295.590859	0.448521	-317.187500	-9.375000
6295.592860	0.723361	-317.187500	-9.375000
6295.594861	0.784066	-317.187500	-9.375000
6295.596863	0.781555	8.597109	0.144510
6296.591405	0.308328	-141.406250	470.605469
6296.593407	0.607514	-141.406250	470.605469
6296.595407	0.781617	-141.406250	470.605469
6296.597407	0.782370	8.606069	0.134096
6297.675946	0.698179	-300.878906	-13.378906
6297.677949	0.784379	-300.878906	-13.378906
6297.679949	0.781768	8.599449	0.147956
6298.685987	0.735048	-143.750000	465.332031
6298.687990	0.783928	-143.750000	465.332031
6298.691990	0.780035	8.580386	0.132178
6299.766946	0.698552	-304.101562	-21.386719
6299.768948	0.786609	-304.101562	-21.386719
6299.772946	0.782421	8.606627	0.143938
6300.769935	0.743614	-141.601562	467.089844
6300.771938	0.783465	-141.601562	467.089844
6300.773938	0.781143	8.592572	0.128602
6301.861968	0.393045	-298.828125	-23.730469
6301.863969	0.683643	-298.828125	-23.730469
6301.865970	0.785386	-298.828125	-23.730469
6301.869968	0.781232	8.593555	0.147505
6302.848903	0.515261	-129.296875	498.242187
6302.850906	0.759229	-129.296875	498.242187
6302.852905	0.784688	-129.296875	498.242187
6302.854905	0.782542	8.607957	0.128628
6303.960950	0.759971	-292.773437	-23.535156
6303.962951	0.783607	-292.773437	-23.535156
6303.964952	0.781517	8.596684	0.150417
6304.930954	0.322437	-127.050781	502.343750
6304.932956	0.620904	-127.050781	502.343750
6304.934955	0.783424	-127.050781	502.343750
6304.936957	0.782934	8.612272	0.130560
6306.054956	0.348197	-305.566406	-20.898437
6306.056959	0.644957	-305.566406	-20.898437
6306.058958	0.784175	-305.566406	-20.898437
6306.060960	0.782398	8.606380	0.153319
6307.021029	0.705929	-132.226562	487.792969
6307.023031	0.784269	-132.226562	487.792969
6307.025031	0.781676	8.598438	0.126881
6308.146015	0.508402	-303.027344	-17.285156
6308.148017	0.755697	-303.027344	-17.285156
6308.150016	0.783642	-303.027344	-17.285156
6308.152017	0.781553	8.597083	0.149310
6309.106051	0.360745	-119.531250	513.183594
6309.110051	0.785220	-119.531250	513.183594
6309.112052	0.783034	-119.531250	513.183594
6309.114053	0.781373	8.595106	0.132760
6310.236054	0.437306	-299.707031	-16.796875
6310.238056	0.716187	-299.707031	-16.796875
6310.240056	0.784598	-299.707031	-16.796875
6310.242057	0.782081	8.602887	0.148563
6311.196117	0.293565	-123.242187	507.031250
6311.198126	0.593400	-123.242187	507.031250
6311.200122	0.782409	-123.242187	507.031250
6311.202122	0.785088	-123.242187	507.031250
6311.204122	0.783166	8.614824	0.130199
6312.328241	0.783329	-309.667969	-17.089844
6312.330243	0.782885	8.611740	0.602670
6313.288266	0.311794	-131.152344	488.964844
6313.290269	0.610926	-131.152344	488.964844
6313.292269	0.782521	-131.152344	488.964844
6313.294269	0.782846	8.611306	0.131724
6314.414320	0.490357	-299.707031	-18.066406
6314.418331	0.783856	-299.707031	-18.066406
6314.420332	0.781650	-299.707031	-18.066406
6314.422332	0.780152	8.581671	0.144927
6315.384345	0.734089	-125.488281	502.734375
6315.386346	0.783586	-125.488281	502.734375
6315.388347	0.781175	8.592926	0.118811
6316.502901	0.718784	-299.218750	-20.507812
6316.504901	0.783885	-299.218750	-20.507812
6316.506901	0.781386	8.595248	0.147899
6317.477416	0.613048	-126.074219	502.832031
6317.479417	0.781665	-126.074219	502.832031
6317.481418	0.781822	8.600042	0.122724
6318.587460	0.389470	-295.605469	-23.339844
6318.589460	0.680809	-295.605469	-23.339844
6318.591459	0.786369	-295.605469	-23.339844
6318.593460	0.783798	8.621773	0.151682
6319.568058	0.407672	-132.617187	489.746094
6319.570059	0.694764	-132.617187	489.746094
6319.572060	0.784187	-132.617187	489.746094
6319.574060	0.781625	8.597872	0.122775
6320.669004	0.430171	-294.824219	-24.023437
6320.671007	0.711359	-294.824219	-24.023437
6320.673006	0.784726	-294.824219	-24.023437
6320.675006	0.782115	8.603268	0.154430
6321.667992	0.592228	-134.179687	483.691406
6321.669997	0.781354	-134.179687	483.691406
6321.671997	0.784092	-134.179687	483.691406
6321.673996	0.782300	8.605298	0.125069
6322.752570	0.464240	-286.425781	-21.777344
6322.754572	0.732714	-286.425781	-21.777344
6322.756571	0.783316	-286.425781	-21.777344
6322.758571	0.780981	8.590791	0.148075
6323.762588	0.514123	-138.378906	475.000000
6323.764589	0.757915	-138.378906	475.000000
6323.766589	0.783237	-138.378906	475.000000
6323.768590	0.781103	8.592129	0.129904
6324.839514	0.689286	-296.972656	-17.089844
6324.841517	0.784838	-296.972656	-17.089844
6324.843515	0.782229	8.604518	0.140679
6325.852061	0.364204	-131.640625	487.109375
6325.854062	0.659379	-131.640625	487.109375
6325.856060	0.785311	-131.640625	487.109375
6325.858061	0.783014	8.613158	0.126310
6326.930126	0.561307	-300.000000	-12.304687
6326.932128	0.774114	-300.000000	-12.304687
6326.934128	0.783246	-300.000000	-12.304687
6326.936130	0.781295	8.594246	0.307482
6327.938204	0.630733	-138.476562	473.730469
6327.940206	0.783858	-138.476562	473.730469
6327.942208	0.782658	8.609241	0.125719
6329.032223	0.734791	-310.644531	-9.863281
6329.034225	0.783731	-310.644531	-9.863281
6329.036226	0.781274	8.594016	0.138809
6330.018789	0.730073	-116.894531	504.199219
6330.020792	0.783481	-116.894531	504.199219
6330.022792	0.781110	8.592208	0.124345
6331.126842	0.388858	-303.417969	-11.132812
6331.130843	0.785359	-303.417969	-11.132812
6331.132847	0.782838	-303.417969	-11.132812
6331.134845	0.781285	8.594140	0.140684
6332.098903	0.507520	-113.671875	511.914062
6332.100906	0.754928	-113.671875	511.914062
6332.102906	0.783057	-113.671875	511.914062
6332.104907	0.780908	8.589993	0.122830
6333.222971	0.685944	-309.570312	-13.964844
6333.224973	0.785069	-309.570312	-13.964844
6333.226973	0.782447	8.606919	0.139080
6334.185902	0.367803	-115.625000	516.699219
6334.187902	0.662390	-115.625000	516.699219
6334.189903	0.784584	-115.625000	516.699219
6334.191902	0.782254	8.604793	0.124732
6335.309954	0.242008	-300.878906	-18.164062
6335.311956	0.544828	-300.878906	-18.164062
6335.313956	0.769387	-300.878906	-18.164062
6335.315955	0.783431	-300.878906	-18.164062
6335.317956	0.781388	8.595266	0.143991
6336.279975	0.519143	-120.214844	512.597656
6336.283976	0.783442	-120.214844	512.597656
6336.285978	0.781339	-120.214844	512.597656
6336.287979	0.779946	8.579411	0.123250
6337.394053	0.436569	-287.695312	-21.875000
6337.396053	0.715330	-287.695312	-21.875000
6337.398054	0.783859	-287.695312	-21.875000
6337.400054	0.781298	8.594282	0.145956
6338.376089	0.440490	-124.707031	507.128906
6338.378092	0.718112	-124.707031	507.128906
6338.380091	0.783915	-124.707031	507.128906
6338.382091	0.781330	8.594628	0.118825
6339.478146	0.693665	-291.406250	-24.121094
6339.480149	0.784943	-291.406250	-24.121094
6339.482148	0.782354	8.605891	0.146535
6340.474146	1.051343	-135.156250	483.007812
6340.476148	0.751332	-135.156250	483.007812
6340.478147	0.784038	-135.156250	483.007812
6340.480147	0.781849	8.600344	0.120843
6341.560201	0.436079	-285.839844	-22.753906
6341.562203	0.715204	-285.839844	-22.753906
6341.564203	0.784000	-285.839844	-22.753906
6341.566203	0.781555	8.597109	0.149146
6342.570782	0.648085	-128.710937	494.628906
6342.572783	0.653365	-128.710937	494.628906
6342.574782	0.781820	8.600024	0.122833
6343.644863	0.483426	-281.347656	-20.117187
6343.646865	0.743472	-281.347656	-20.117187
6343.648867	0.783517	-281.347656	-20.117187
6343.650865	0.781300	8.594299	0.143390
6344.660894	0.665230	-125.878906	498.242187
6344.662895	0.784247	-125.878906	498.242187
6344.664895	0.781904	8.600946	0.126186
6345.734893	0.566486	-289.941406	-18.164062
6345.736894	0.775034	-289.941406	-18.164062
6345.738897	0.782824	-289.941406	-18.164062
6345.742893	0.779420	8.573615	0.139215
6346.751485	0.455124	-131.250000	488.867187
6346.753487	0.727396	-131.250000	488.867187
6346.755488	0.783758	-131.250000	488.867187
6346.757487	0.781292	8.594211	0.121049
6347.823521	0.664048	-284.570312	-15.917969
6347.827521	0.782471	-284.570312	-15.917969
6347.829524	0.780832	8.589150	0.142669
6348.839549	0.398429	-125.781250	497.460937
6348.841552	0.687903	-125.781250	497.460937
6348.843550	0.785672	-125.781250	497.460937
6348.845551	0.783041	8.613451	0.121849
6349.915640	0.678152	-294.238281	-15.917969
6349.917641	0.785042	-294.238281	-15.917969
6349.919642	0.782500	8.607504	0.136206
6350.932553	0.770187	-124.902344	498.828125
6350.934557	0.783027	-124.902344	498.828125
6350.936556	0.781052	8.591570	0.233056
6352.006624	0.527329	-290.625000	-15.917969
6352.008624	0.763337	-290.625000	-15.917969
6352.010624	0.783455	-290.625000	-15.917969
6352.012625	0.781362	8.594982	0.135841
6353.021168	0.490721	-132.812500	486.523437
6353.023170	0.747211	-132.812500	486.523437
6353.025175	0.754075	-132.812500	486.523437
6353.027174	0.781286	8.594150	0.119895
6354.093186	0.474595	-282.421875	-17.382812
6354.095188	0.738963	-282.421875	-17.382812
6354.097188	0.783968	-282.421875	-17.382812
6354.099190	0.781670	8.598368	0.138262
6355.109268	0.363835	-126.855469	497.167969
6355.111271	0.659087	-126.855469	497.167969
6355.113270	0.785809	-126.855469	497.167969
6355.115270	0.783510	8.618609	0.122263
6356.183324	0.264674	-282.910156	-19.433594
6356.185326	0.565795	-282.910156	-19.433594
6356.187324	0.775266	-282.910156	-19.433594
6356.189325	0.783425	-282.910156	-19.433594
6356.193322	0.780008	8.580093	0.132972
6357.197359	0.308102	-127.050781	497.851562
6357.199362	0.607329	-127.050781	497.851562
6357.201361	0.781572	-127.050781	497.851562
6357.203361	0.782272	8.604988	0.119928
6358.275466	0.514747	-276.855469	-21.777344
6358.277468	0.758542	-276.855469	-21.777344
6358.279474	0.783806	-276.855469	-21.777344
6358.281480	0.781710	8.598810	0.135246
6359.285509	0.420334	-130.566406	492.382812
6359.287510	0.704138	-130.566406	492.382812
6359.289511	0.784087	-130.566406	492.382812
6359.291514	0.781521	8.596728	0.113770
6360.368479	0.274052	-277.148437	-24.804687
6360.370482	0.574882	-277.148437	-24.804687
6360.372482	0.776792	-277.148437	-24.804687
6360.376480	0.780649	-277.148437	-24.804687
6360.378482	0.779324	8.572560	0.141212
6361.372497	0.786429	-125.390625	502.734375
6361.374500	0.784100	-125.390625	502.734375
6361.376499	0.782473	8.607203	0.113788
6362.463031	0.267708	-280.371094	-24.511719
6362.465033	0.568704	-280.371094	-24.511719
6362.467032	0.775802	-280.371094	-24.511719
6362.469033	0.783136	-280.371094	-24.511719
6362.471033	0.781195	8.593147	0.144879
6363.451055	0.405281	-119.433594	516.601562
6363.453056	0.693130	-119.433594	516.601562
6363.455057	0.784832	-119.433594	516.601562
6363.457057	0.782202	8.604217	0.116865
6364.565158	0.783384	-287.890625	-21.777344
6364.567159	0.781167	8.592837	0.136227
6365.537196	0.667858	-119.238281	512.304687
6365.539197	0.784932	-119.238281	512.304687
6365.541198	0.782529	8.607815	0.114937
6366.655729	0.414718	-284.082031	-18.066406
6366.657731	0.700473	-284.082031	-18.066406
6366.659732	0.785655	-284.082031	-18.066406
6366.661732	0.782980	8.612778	0.132902
6367.623818	0.551127	-113.964844	513.964844
6367.625821	0.771222	-113.964844	513.964844
6367.627820	0.783155	-113.964844	513.964844
6367.629822	0.781136	8.592492	0.228825
6368.743883	0.293006	-291.699219	-14.941406
6368.745894	0.593009	-291.699219	-14.941406
6368.747894	0.782110	-291.699219	-14.941406
6368.749892	0.784731	-291.699219	-14.941406
6368.751893	0.782801	8.610810	0.136309
6369.713932	0.420017	-118.359375	497.656250
6369.715933	0.704097	-118.359375	497.656250
6369.717934	0.784685	-118.359375	497.656250
6369.719934	0.782119	8.603312	0.114126
6370.830887	0.461547	-297.460937	-12.597656
6370.832888	0.731251	-297.460937	-12.597656
6370.834887	0.783574	-297.460937	-12.597656
6370.836888	0.781173	8.592899	0.133331
6371.812921	0.685553	-116.210937	497.265625
6371.814920	0.784883	-116.210937	497.265625
6371.816920	0.782312	8.605431	0.112155
6372.913475	0.579599	-302.734375	-12.402344
6372.917474	0.783101	-302.734375	-12.402344
6372.919476	0.781241	-302.734375	-12.402344
6372.921477	0.779905	8.578959	0.138326
6373.908034	0.466703	-118.261719	495.605469
6373.910036	0.479203	-118.261719	495.605469
6373.912036	0.784269	-118.261719	495.605469
6373.914035	0.781870	8.600574	0.114476
6374.996094	0.693824	-285.253906	-12.597656
6374.998096	0.784855	-285.253906	-12.597656
6375.000096	0.782227	8.604491	0.134174
6376.004136	0.385597	-134.863281	474.804687
6376.006138	0.677621	-134.863281	474.804687
6376.008137	0.785624	-134.863281	474.804687
6376.010138	0.783059	8.613647	0.123431
6377.080171	0.277968	-288.574219	-15.136719
6377.082171	0.578504	-288.574219	-15.136719
6377.084171	0.777453	-288.574219	-15.136719
6377.086170	0.782573	-288.574219	-15.136719
6377.088171	0.780616	8.586776	0.131068
6378.096672	0.537470	-131.445312	485.449219
6378.098675	0.766643	-131.445312	485.449219
6378.100677	0.782947	-131.445312	485.449219
6378.102675	0.780931	8.590240	0.175012
6379.171623	0.575725	-277.929687	-19.042969
6379.173625	0.778030	-277.929687	-19.042969
6379.175625	0.783828	-277.929687	-19.042969
6379.177626	0.781923	8.601151	0.129557
6380.185696	0.622806	-122.070312	501.367187
6380.187699	0.783294	-122.070312	501.367187
6380.189699	0.782677	8.609446	0.113690
6381.263725	0.719766	-274.707031	-21.777344
6381.265727	0.784348	-274.707031	-21.777344
6381.267729	0.781753	8.599280	0.129847
6382.270244	0.267854	-120.019531	508.203125
6382.272245	0.568857	-120.019531	508.203125
6382.274245	0.775568	-120.019531	508.203125
6382.276246	0.782813	-120.019531	508.203125
6382.280243	0.779442	8.573863	0.113937
6383.352307	0.529823	-271.289062	-24.414062
6383.354307	0.764586	-271.289062	-24.414062
6383.356307	0.783822	-271.289062	-24.414062
6383.358306	0.781732	8.599050	0.154576
6384.360386	0.764952	-127.246094	496.191406
6384.362389	0.783655	-127.246094	496.191406
6384.364386	0.781591	8.597499	0.129641
6385.445305	0.445649	-266.894531	-25.000000
6385.447306	0.721661	-266.894531	-25.000000
6385.449305	0.784303	-266.894531	-25.000000
6385.451305	0.781842	8.600264	0.139500
6386.445345	0.461920	-121.191406	509.472656
6386.447346	0.731609	-121.191406	509.472656
6386.449347	0.783765	-121.191406	509.472656
6386.451347	0.781397	8.595372	0.110533
6387.535367	0.304153	-269.628906	-25.976562
6387.537375	0.603671	-269.628906	-25.976562
6387.539376	0.782448	-269.628906	-25.976562
6387.541377	0.783371	8.617085	0.139065
6388.531398	0.332773	-119.042969	513.769531
6388.533401	0.630812	-119.042969	513.769531
6388.535402	0.784015	-119.042969	513.769531
6388.537402	0.782862	8.611484	0.114825
6389.627460	0.465372	-264.160156	-24.511719
6389.629462	0.733573	-264.160156	-24.511719
6389.631463	0.783613	-264.160156	-24.511719
6389.633462	0.781225	8.593475	0.138956
6390.621559	0.278760	-124.414062	501.953125
6390.623562	0.579371	-124.414062	501.953125
6390.625560	0.777650	-124.414062	501.953125
6390.627559	0.782506	-124.414062	501.953125
6390.629560	0.780600	8.586598	0.112471
6391.720137	0.748033	-277.148437	-26.367187
6391.722142	0.784432	-277.148437	-26.367187
6391.724144	0.782195	8.604146	0.128677
6392.712175	0.296876	-122.949219	506.640625
6392.714189	0.596574	-122.949219	506.640625
6392.716194	0.780668	-122.949219	506.640625
6392.718193	0.782382	-122.949219	506.640625
6392.720193	0.780493	8.585428	0.115315
6393.804227	0.598904	-264.355469	-25.781250
6393.806229	0.606182	-264.355469	-25.781250
6393.808228	0.782803	8.610837	0.492529
6394.806264	0.607186	-121.679687	506.250000
6394.808267	0.782625	-121.679687	506.250000
6394.810267	0.783365	8.617014	0.117473
6395.892305	0.739428	-270.996094	-24.414062
6395.894308	0.783976	-270.996094	-24.414062
6395.896308	0.781644	8.598083	0.127710
6396.896852	0.620389	-128.027344	489.648437
6396.898854	0.782983	-128.027344	489.648437
6396.900853	0.782519	8.607708	0.117800
6397.975438	0.362065	-272.363281	-21.875000
6397.977443	0.657548	-272.363281	-21.875000
6397.981449	0.783354	-272.363281	-21.875000
6397.983448	0.781687	8.598554	0.126251
6398.989481	0.327552	-129.589844	483.789062
6398.991482	0.626039	-129.589844	483.789062
6398.993483	0.784669	-129.589844	483.789062
6398.995484	0.783773	8.621498	0.112298
6400.063484	0.455606	-269.824219	-17.968750
6400.065487	0.727751	-269.824219	-17.968750
6400.067487	0.783736	-269.824219	-17.968750
6400.069486	0.781342	8.594760	0.125163
6401.081521	0.483455	-123.535156	493.457031
6401.083525	0.743693	-123.535156	493.457031
6401.087523	0.781339	-123.535156	493.457031
6401.089524	0.779901	8.578906	0.111465
6402.153566	0.315396	-275.488281	-15.625000
6402.155566	0.614509	-275.488281	-15.625000
6402.157569	0.783578	-275.488281	-15.625000
6402.159568	0.783610	8.619708	0.128976
6403.169656	0.511475	-118.847656	496.582031
6403.171658	0.756975	-118.847656	496.582031
6403.175656	0.781451	-118.847656	496.582031
6403.177657	0.779991	8.579899	0.111817
6404.249731	0.743778	-283.984375	-13.378906
6404.253731	0.781704	-283.984375	-13.378906
6404.255732	0.780241	8.582654	0.129897
6405.255758	0.619714	-119.238281	490.527344
6405.257761	0.783253	-119.238281	490.527344
6405.259764	0.782827	8.611094	0.114988
6406.340363	0.264682	-286.132812	-12.988281
6406.342366	0.565861	-286.132812	-12.988281
6406.344365	0.775278	-286.132812	-12.988281
6406.346365	0.783286	-286.132812	-12.988281
6406.348365	0.781335	8.594681	0.134696
6407.334379	0.299112	-108.496094	500.000000
6407.336388	0.598790	-108.496094	500.000000
6407.338388	0.781375	-108.496094	500.000000
6407.340387	0.783100	8.614099	0.117721
6408.440425	0.691944	-291.894531	-13.964844
6408.442426	0.785386	-291.894531	-13.964844
6408.444426	0.782749	8.610243	0.122762
6409.420990	0.483868	-111.718750	498.144531
6409.422992	0.743927	-111.718750	498.144531
6409.424992	0.783781	-111.718750	498.144531
6409.426991	0.783669	8.620363	0.108494
6410.537535	0.541097	-292.773437	-14.746094
6410.539538	0.768181	-292.773437	-14.746094
6410.541538	0.783356	-292.773437	-14.746094
6410.543537	0.781297	8.594264	0.183739
6411.507513	0.784799	-103.125000	518.750000
6411.509515	0.782606	-103.125000	518.750000
6411.511514	0.780929	8.590223	0.109296
6412.625586	0.250289	-285.742187	-16.796875
6412.627586	0.552466	-285.742187	-16.796875
6412.629586	0.771461	-285.742187	-16.796875
6412.631588	0.783031	-285.742187	-16.796875
6412.633587	0.780970	8.590666	0.129668
6413.592149	0.391733	-115.136719	507.128906
6413.594148	0.683066	-115.136719	507.128906
6413.596149	0.788223	-115.136719	507.128906
6413.598149	0.785613	8.641740	0.105840
6414.714706	0.429092	-273.925781	-19.628906
6414.716707	0.710451	-273.925781	-19.628906
6414.718708	0.784054	-273.925781	-19.628906
6414.720708	0.781534	8.596869	0.132007
6415.682728	1.389883	-108.007812	526.269531
6415.684730	0.624035	-108.007812	526.269531
6415.686729	0.784649	-108.007812	526.269531
6415.688730	0.783948	8.623430	0.108967
6416.800774	0.456106	-271.289062	-24.121094
6416.802775	0.728167	-271.289062	-24.121094
6416.804775	0.783918	-271.289062	-24.121094
6416.806777	0.781484	8.596330	0.134222
6417.778796	0.395255	-114.160156	521.484375
6417.780797	0.685453	-114.160156	521.484375
6417.782797	0.785586	-114.160156	521.484375
6417.784796	0.782963	8.612592	0.101156
6418.886892	0.490960	-275.683594	-26.660156
6418.888894	0.747706	-275.683594	-26.660156
6418.890893	0.783976	-275.683594	-26.660156
6418.892895	0.781820	8.600016	0.131082
6419.872971	0.483532	-112.792969	524.414062
6419.874973	0.743766	-112.792969	524.414062
6419.876973	0.783714	-112.792969	524.414062
6419.878973	0.781542	8.596958	0.105448
6420.971028	0.303967	-267.675781	-26.953125
6420.973031	0.603434	-267.675781	-26.953125
6420.975034	0.782374	-267.675781	-26.953125
6420.977036	0.783487	8.618361	0.133266
6421.967064	0.562039	-115.234375	517.773437
6421.969065	0.774444	-115.234375	517.773437
6421.971066	0.783391	-115.234375	517.773437
6421.975066	0.780017	8.580182	0.292314
6423.057085	0.481873	-272.753906	-28.125000
6423.059088	0.742861	-272.753906	-28.125000
6423.061092	0.783917	-272.753906	-28.125000
6423.063097	0.781649	8.598137	0.133493
6424.059121	0.490985	-125.976562	497.167969
6424.061122	0.747307	-125.976562	497.167969
6424.063122	0.783265	-125.976562	497.167969
6424.065121	0.781048	8.591526	0.110368
6425.145167	0.715961	-269.335937	-26.757812
6425.147169	0.784080	-269.335937	-26.757812
6425.149171	0.781584	8.597419	0.126590
6426.152145	0.749632	-118.652344	508.593750
6426.154146	0.783487	-118.652344	508.593750
6426.156147	0.781286	8.594150	0.111688
6427.232214	0.295152	-269.531250	-26.367187
6427.234218	0.594990	-269.531250	-26.367187
6427.236214	0.782575	-269.531250	-26.367187
6427.238217	0.785100	-269.531250	-26.367187
6427.240216	0.783125	8.614373	0.124055
6428.242787	0.758399	-121.289062	502.929687
6428.244788	0.783204	-121.289062	502.929687
6428.246789	0.781106	8.592164	0.109955
6429.327357	0.784110	-262.500000	-25.292969
6429.329361	0.781723	8.598952	0.120692
6430.329372	0.461131	-119.238281	507.324219
6430.331374	0.731072	-119.238281	507.324219
6430.335372	0.781417	-119.238281	507.324219
6430.337373	0.779963	8.579597	0.112436
6431.413385	0.477624	-268.164062	-25.878906
6431.415387	0.740628	-268.164062	-25.878906
6431.417387	0.783898	-268.164062	-25.878906
6431.419388	0.781543	8.596975	0.115336
6432.415383	0.403360	-115.429687	514.257812
6432.417386	0.691767	-115.429687	514.257812
6432.421384	0.782428	-115.429687	514.257812
6432.423386	0.780887	8.589763	0.108880
6433.505399	0.626440	-266.796875	-26.171875
6433.507401	0.783911	-266.796875	-26.171875
6433.509400	0.783014	8.613150	0.626415
6434.505407	0.331797	-113.867187	517.675781
6434.507408	0.346067	-113.867187	517.675781
6434.509408	0.784231	-113.867187	517.675781
6434.511407	0.783152	8.614675	0.108632
6435.593491	0.421778	-266.894531	-27.148437
6435.595492	0.705448	-266.894531	-27.148437
6435.597492	0.784688	-266.894531	-27.148437
6435.599492	0.784573	8.630307	0.126344
6436.596072	0.784493	-111.523437	523.437500
6436.602074	0.779299	-111.523437	523.437500
6436.604075	0.778358	8.561934	0.106263
6437.684122	0.364647	-254.199219	-25.976562
6437.686125	0.659912	-254.199219	-25.976562
6437.688123	0.785831	-254.199219	-25.976562
6437.690123	0.783578	8.619353	0.117841
6438.688197	0.446847	-118.164062	509.765625
6438.690200	0.722464	-118.164062	509.765625
6438.692198	0.784436	-118.164062	509.765625
6438.694202	0.782006	8.602063	0.099343
6439.770700	0.313705	-260.449219	-25.781250
6439.772700	0.612695	-260.449219	-25.781250
6439.774702	0.783429	-260.449219	-25.781250
6439.776699	0.783644	8.620080	0.125626
6440.772796	0.485392	-114.453125	515.722656
6440.774798	0.744705	-114.453125	515.722656
6440.776801	0.783681	-114.453125	515.722656
6440.778798	0.781432	8.595753	0.102891
6441.864872	0.329034	-266.992187	-24.609375
6441.866880	0.627316	-266.992187	-24.609375
6441.868884	0.784385	-266.992187	-24.609375
6441.870884	0.783385	8.617235	0.126701
6442.856913	0.374031	-109.375000	520.800781
6442.858916	0.667954	-109.375000	520.800781
6442.860915	0.785684	-109.375000	520.800781
6442.862915	0.783267	8.615941	0.106055
6443.956999	0.263066	-266.601562	-21.289062
6443.959001	0.564377	-266.601562	-21.289062
6443.962998	0.783212	-266.601562	-21.289062
6443.965001	0.781197	-266.601562	-21.289062
6443.967002	0.779822	8.578037	0.127390
6444.947016	0.619569	-112.695312	509.960937
6444.949017	0.782519	-112.695312	509.960937
6444.951018	0.782098	8.603083	0.103539
6446.049605	0.353068	-270.312500	-18.652344
6446.051608	0.649584	-270.312500	-18.652344
6446.053608	0.785766	-270.312500	-18.652344
6446.055607	0.783748	8.621232	0.122745
